012204221601000200469794890000000000009516
182204221703000125391418560000000000009245
012204221601000128541669320000000000007929
212204221609000129482288930000000000007938
182204221752000125391418560000000000009245
012204221701000128541669320000000000007929
212204221625000136801587250000000000008048
182204222300000125870219380000000000007757
012204221706000126188878180000000000009215
212204221648000124647401380000000000002400
012204221807000126188878180000000000009215
212204221648000122044582700000000000001124
012204221857000200469794890000000000009516
212204221725000136801587250000000000008048
012204221900000130436228110000000000006906
212204221807000138264869340000000000009246
012204222200000126188878180000000000009215
212204221853000138264869340000000000009246
012204222200000128541669320000000000007929
212204221855000125870219380000000000007757
212204221900000124974403030000000000008870
212204221954000125870219380000000000007757
212204222148000129482288930000000000007938
212204222200000125391418560000000000009245
212204222200000138264869340000000000009246
212204222200000136801587250000000000008048
012304220552000209810497230000000000009214
012304220553000132191179360000000000009378
212304220554000133649038900000000000007650
012304220553000160654165340000000000009372
212304220555000209487837230000000000007954
012304220555000210263180190000000000007763
212304220555000164705143250000000000009241
012304220555000210726526510000000000009310
212304220555000160322036550000000000008454
012304220555000210725933100000000000008239
212304220555000201164118260000000000007614
012304220555000209073606740000000000009309
212304220555000121890026310000000000008191
012304220555000162385711100000000000009481
212304220555000123216468550000000000007512
012304220555000123085805280000000000008563
212304220555000160921595630000000000007081
012304220555000267443914510000000000000000
212304220555000131905924530000000000009085
012304220555000125605349340000000000008505
212304220555000131172178180000000000007477
012304220555000162200097710000000000009484
012304220558000236123649240000000000008952
062304220600000164484830560000000000009432
012304220600000124273693240000000000007110
172304220558000127532677760000000000008179
012304220600000134117188100000000000009301
172304220559000135626459360000000000008511
172304220559000203975799630000000000009356
172304220559000133574398580000000000009357
172304220600000136812038990000000000009420
172304220600000125471226600000000000007552
172304220600000201117049650000000000009371
172304220600000200645564970000000000009431
012304220605000165908866290000000000000000
062304220601000207397790650000000000009089
012304220605000203902767360000000000008950
062304220602000124506489860000000000008506
172304220601000128139718570000000000009368
182304220601000126521109360000000000007514
012304220605000120293232430000000000008543
062304220602000135521788550000000000008507
172304220601000123755421010000000000008972
182304220601000131172178180000000000007477
062304220602000165108410620000000000009446
172304220604000206570019820000000000007039
182304220601000123142055980000000000007617
062304220603000127039788140000000000009430
172304220604000206980808280000000000009355
182304220602000160032785450000000000008512
062304220603000207770617100000000000008233
172304220607000137966228940000000000000000
172304220607000204909868080000000000009370
062304220613000166909422960000000000009433
012304220612000122843742730000000000007687
172304220613000134732848570000000000008184
012304220612000124883151430000000000009308
182304220610000129900538930000000000008732
012304220618000125439037730000000000003797
062304220615000129305640770000000000008967
062304220615000143055688330000000000008324
062304220619000123525549280000000000006900
012304220655000162412096480000000000007283
172304220656000190038416780000000000007789
182304220655000207249718280000000000008525
012304220704000136843409350000000000004824
012304221000000160654165340000000000009372
062304221043000123525549280000000000006900
172304220950000212524488900000000000009083
012304221038000200469794890000000000009516
062304221108000121890026310000000000008191
182304220947000136540339370000000000007755
172304221045000138264869340000000000009246
012304221045000209810497230000000000009214
062304221156000125471226600000000000007552
182304221039000124974403030000000000008870
172304221138000123525549280000000000006900
012304221052000122843742730000000000007687
062304221200000121890026310000000000008191
182304221040000125391418560000000000009245
172304221200000134732848570000000000008184
012304221052000162200097710000000000009484
062304221214000207770617100000000000008233
182304221110000127532677760000000000008179
172304221200000166909422960000000000009433
062304221214000135521788550000000000008507
012304221053000209073606740000000000009309
182304221145000124506489860000000000008506
172304221208000164705143250000000000009241
062304221214000200645564970000000000009431
012304221053000236123649240000000000008952
182304221146000136540339370000000000007755
172304221208000207397790650000000000009089
062304221214000123755421010000000000008972
012304221054000124883151430000000000009308
182304221153000160322036550000000000008454
172304221208000135626459360000000000008511
062304221224000133649038900000000000007650
012304221055000160654165340000000000009372
182304221200000160032785450000000000008512
172304221208000133574398580000000000009357
062304221231000123216468550000000000007512
012304221100000132191179360000000000009378
182304221200000136540339370000000000007755
172304221210000201164118260000000000007614
062304221256000125471226600000000000007552
012304221101000165908866290000000000000000
182304221211000160921595630000000000007081
172304221210000206570019820000000000007039
062304221300000166909422960000000000009433
012304221102000203902767360000000000008950
182304221211000131172178180000000000007477
062304221300000134732848570000000000008184
172304221211000203975799630000000000009356
012304221102000210263180190000000000007763
182304221212000201117049650000000000009371
172304221218000209487837230000000000007954
062304221314000207770617100000000000008233
012304221102000134117188100000000000009301
182304221212000127532677760000000000008179
062304221314000123755421010000000000008972
172304221218000164484830560000000000009432
012304221102000210726526510000000000009310
182304221214000190038416780000000000007789
172304221220000136812038990000000000009420
062304221314000200645564970000000000009431
012304221102000267443914510000000000000000
182304221215000123142055980000000000007617
172304221221000212524488900000000000009083
062304221314000135521788550000000000008507
012304221105000124273693240000000000007110
182304221215000143055688330000000000008324
172304221221000128139718570000000000009368
062304221318000164484830560000000000009432
012304221105000162385711100000000000009481
182304221215000129305640770000000000008967
062304221322000133649038900000000000007650
172304221221000204909868080000000000009370
012304221144000209810497230000000000009214
182304221216000129900538930000000000008732
062304221331000123216468550000000000007512
172304221221000131905924530000000000009085
012304221146000132191179360000000000009378
182304221221000126521109360000000000007514
062304221420000123755421010000000000008972
172304221230000127039788140000000000009430
012304221151000122843742730000000000007687
182304221244000124506489860000000000008506
062304221420000207770617100000000000008233
172304221230000165108410620000000000009446
012304221152000162200097710000000000009484
182304221253000160322036550000000000008454
062304221420000134732848570000000000008184
172304221232000206980808280000000000009355
012304221152000236123649240000000000008952
182304221259000160032785450000000000008512
062304221420000166909422960000000000009433
172304221307000164705143250000000000009241
012304221156000124883151430000000000009308
182304221311000131172178180000000000007477
062304221420000135521788550000000000008507
172304221308000207397790650000000000009089
012304221156000209073606740000000000009309
182304221311000160921595630000000000007081
062304221420000143055688330000000000008324
172304221308000133574398580000000000009357
012304221200000131197407710000000000007952
182304221311000129900538930000000000008732
062304221420000129305640770000000000008967
172304221308000135626459360000000000008511
012304221202000210726526510000000000009310
182304221315000123142055980000000000007617
062304221509000123525549280000000000006900
172304221309000206570019820000000000007039
012304221202000210263180190000000000007763
182304221315000143055688330000000000008324
172304221310000201164118260000000000007614
012304221202000210725933100000000000008239
182304221315000129305640770000000000008967
172304221311000203975799630000000000009356
012304221203000162412096480000000000007283
182304221321000126521109360000000000007514
172304221311000201117049650000000000009371
012304221205000134117188100000000000009301
182304221336000136540339370000000000007755
172304221315000190038416780000000000007789
182304221349000124974403030000000000008870
012304221205000267443914510000000000000000
172304221318000209487837230000000000007954
182304221420000160032785450000000000008512
012304221205000203902767360000000000008950
172304221320000136812038990000000000009420
182304221420000160921595630000000000007081
012304221205000165908866290000000000000000
172304221321000204909868080000000000009370
182304221420000123142055980000000000007617
012304221208000162385711100000000000009481
172304221321000128139718570000000000009368
182304221420000126521109360000000000007514
012304221208000124273693240000000000007110
172304221322000131905924530000000000009085
182304221420000131905924530000000000009085
012304221214000136843409350000000000004824
172304221323000212524488900000000000009083
182304221420000131172178180000000000007477
012304221222000123085805280000000000008563
172304221330000165108410620000000000009446
182304221420000124506489860000000000008506
012304221222000120293232430000000000008543
172304221330000127039788140000000000009430
182304221420000160322036550000000000008454
012304221255000125439037730000000000003797
172304221333000206980808280000000000009355
182304221420000129900538930000000000008732
012304221258000162412096480000000000007283
172304221420000125471226600000000000007552
182304221420000133649038900000000000007650
012304221259000200469794890000000000009516
172304221420000206980808280000000000009355
182304221445000124974403030000000000008870
012304221300000124883151430000000000009308
172304221420000204909868080000000000009370
182304221501000207249718280000000000008525
012304221303000210725933100000000000008239
172304221420000123216468550000000000007512
012304221303000125605349340000000000008505
172304221420000127039788140000000000009430
012304221305000131197407710000000000007952
172304221420000165108410620000000000009446
172304221420000206570019820000000000007039
012304221315000136843409350000000000004824
172304221420000135626459360000000000008511
012304221317000123085805280000000000008563
172304221420000164705143250000000000009241
012304221317000120293232430000000000008543
172304221420000207397790650000000000009089
012304221358000200469794890000000000009516
172304221420000137966228940000000000000000
012304221359000125439037730000000000003797
172304221420000200645564970000000000009431
012304221420000132191179360000000000009378
172304221420000190038416780000000000007789
012304221420000162200097710000000000009484
172304221420000201164118260000000000007614
012304221420000124273693240000000000007110
172304221420000209487837230000000000007954
012304221420000267443914510000000000000000
172304221420000212524488900000000000009083
012304221420000123085805280000000000008563
172304221420000136812038990000000000009420
012304221420000120293232430000000000008543
172304221420000133574398580000000000009357
012304221420000209810497230000000000009214
172304221420000121890026310000000000008191
012304221420000210726526510000000000009310
172304221421000201117049650000000000009371
012304221420000162385711100000000000009481
172304221421000128139718570000000000009368
012304221420000125605349340000000000008505
172304221421000203975799630000000000009356
012304221420000165908866290000000000000000
172304221421000164484830560000000000009432
012304221420000209073606740000000000009309
172304221429000127532677760000000000008179
012304221420000203902767360000000000008950
172304221445000138264869340000000000009246
012304221420000236123649240000000000008952
172304221447000125391418560000000000009245
012304221420000210263180190000000000007763
172304221539000138264869340000000000009246
012304221420000134117188100000000000009301
012304221421000160654165340000000000009372
012304221421000131197407710000000000007952
012304221421000210725933100000000000008239
012304221433000122843742730000000000007687
012304221503000136843409350000000000004824
