062604221656000134664298960000000000006689
012604221700000133066488160000000000009528
062604221716000122759375460000000000000475
012604221702000128541669320000000000007929
172604221701000128139718570000000000009368
182604221657000135521788550000000000008507
062604221719000207388597150000000000008270
012604221703000136979795810000000000009511
172604221704000236806370000000000000009340
212604221658000123232419840000000000000776
182604221658000125471226600000000000007552
062604221744000170341780600000000000003544
012604221704000236123649240000000000008952
172604221720000200645564970000000000009431
212604221659000206980808280000000000009355
182604221702000138264869340000000000009246
062604221748000126594768980000000000003885
012604221706000124420566250000000000008993
172604221748000128325208570000000000002243
182604221718000207770617100000000000008233
212604221700000124449897930000000000003360
012604221706000130192938110000000000003612
062604221808000122377870010000000000000164
172604221749000125822806330000000000009253
182604221718000123755421010000000000008972
212604221700000155164315180000000000008501
012604221707000126188878180000000000009215
062604221816000123583778900000000000000285
172604221749000127820889300000000000004500
182604221720000125391418560000000000009245
212604221712000123216468550000000000007512
012604221708000136540339370000000000007755
062604221820000122891578150000000000000645
172604221750000124683417930000000000003237
182604221725000136801587250000000000008048
212604221719000124029191500000000000002290
012604221710000129775501530000000000009306
062604222007000121238988150000000000000357
172604221810000124887231790000000000003036
212604221720000129441567740000000000001442
182604221731000181947268890000000000007238
062604222007000123526544420000000000002508
012604221711000124883151430000000000009308
212604221730000108822525230000000000000592
182604221740000162523975210000000000007229
012604221711000122843742730000000000007687
212604221731000201164118260000000000007614
182604221755000162523975210000000000007229
012604221711000209073606740000000000009309
212604221740000128757132310000000000005555
182604221757000135521788550000000000008507
012604221717000162200097710000000000009484
212604221742000130701959370000000000004470
182604221758000138264869340000000000009246
012604221719000162119844650000000000006072
212604221752000164484830560000000000009432
182604221803000162918293130000000000006910
012604221722000123968166770000000000008928
212604221753000122919813680000000000000581
182604221855000125870219380000000000007757
012604221724000129035957730000000000009429
212604221759000206980808280000000000009355
182604222004000162523975210000000000007229
012604221730000135287908990000000000006481
212604221759000128139718570000000000009368
182604222007000132970558540000000000002672
012604221733000121242171020000000000001015
212604221801000122534315420000000000006079
182604222015000124154902550000000000008558
012604221733000125397674450000000000007166
212604221802000129680147750000000000008294
182604222030000124154902550000000000008558
012604221740000207866839310000000000008197
212604221804000108048521000000000000003919
182604222115000207811936340000000000009195
012604221747000121250416870000000000008960
212604221813000145058139710000000000008784
182604222131000207811936340000000000009195
012604221754000129412767790000000000001443
212604221816000228054462900000000000008627
182604222200000124154902550000000000008558
012604221759000166412616550000000000008989
212604221819000132368358920000000000003457
182604222200000138264869340000000000009246
012604221807000126188878180000000000009215
212604221829000120695246220000000000001143
182604222258000207811936340000000000009195
012604221810000129775501530000000000009306
212604221832000180041332610000000000008856
182604222301000125870219380000000000007757
012604221811000124883151430000000000009308
212604221836000170076509270000000000000494
012604221812000122843742730000000000007687
212604221838000104211882670000000000000990
012604221812000209073606740000000000009309
212604221838000121862917210000000000002539
012604221813000209788244600000000000004311
212604221838000132976478160000000000005409
012604221817000162200097710000000000009484
212604221838000120849003620000000000005457
012604221818000135253008580000000000005951
212604221848000121661481410000000000002719
012604221818000166179072300000000000009526
212604221848000164794357380000000000008231
012604221821000128966418170000000000001975
212604221848000130173758960000000000008132
012604221830000164383974590000000000000000
212604221851000102919905490000000000000892
012604221835000124592933660000000000000438
212604221900000124974403030000000000008870
012604221836000121744306080000000000002744
212604221900000130650118580000000000009428
012604221837000126939379320000000000009447
212604221900000165181563500000000000008293
012604221837000120178000330000000000003587
212604221902000151590488240000000000009379
012604221837000129545788920000000000008241
212604221915000104404074160000000000003186
012604221839000136716507790000000000009515
212604221948000204346997770000000000009486
012604221844000102923418970000000000000531
212604221953000125870219380000000000007757
012604221850000129386648520000000000009461
212604221953000122758137070000000000001019
012604221850000124226314540000000000009448
212604222013000124150280120000000000003962
012604221850000201168327080000000000008730
212604222018000120907949940000000000000247
012604221854000125859477790000000000008943
212604222058000206980808280000000000009355
012604221854000190017887610000000000007241
212604222100000125471226600000000000007552
012604221859000136843409350000000000004824
212604222100000136812038990000000000009420
012604221859000127514377710000000000003806
212604222100000165108410620000000000009446
012604221900000132489589350000000000009531
212604222100000123216468550000000000007512
012604221900000200469794890000000000009516
212604222100000127039788140000000000009430
012604221902000130436228110000000000006906
212604222100000123755421010000000000008972
012604221911000107943402850000000000002042
212604222100000207770617100000000000008233
012604221920000123242422400000000000001406
212604222100000135521788550000000000008507
012604221928000124424755710000000000004219
212604222100000200645564970000000000009431
012604221930000123725350900000000000009279
212604222100000190038416780000000000007789
012604221945000125386433510000000000009243
212604222100000128139718570000000000009368
012604221955000122940768010000000000001549
212604222100000201164118260000000000007614
012604222035000136540339370000000000007755
212604222101000164484830560000000000009432
012604222200000162200097710000000000009484
212604222148000129482288930000000000007938
012604222200000124883151430000000000009308
212604222200000125391418560000000000009245
012604222200000133066488160000000000009528
212604222201000136801587250000000000008048
012604222200000129775501530000000000009306
012604222200000128541669320000000000007929
012604222200000126188878180000000000009215
012604222200000122843742730000000000007687
012604222200000236123649240000000000008952
012604222200000209073606740000000000009309
212704220526000120467752380000000000001968
012704220551000127259748970000000000009105
012704220555000210726526510000000000009310
212704220555000206570019820000000000007039
212704220555000131905924530000000000009085
012704220555000124273693240000000000007110
212704220555000207771464060000000000008867
012704220555000125153148820000000000006913
212704220555000121890026310000000000008191
012704220555000132191179360000000000009378
012704220555000162385711100000000000009481
012704220555000210263180190000000000007763
012704220555000123085805280000000000008563
012704220555000131197407710000000000007952
012704220555000203902767360000000000008950
012704220555000165231775490000000000009530
012704220555000125605349340000000000008505
012704220555000134117188100000000000009301
012704220555000220072145110000000000009529
012704220555000210725933100000000000008239
012704220556000160654165340000000000009372
012704220556000165908866290000000000000000
182704220556000131718808990000000000007196
012704220556000120293232430000000000008543
212704220555000201301784320000000000006880
182704220557000129900538930000000000008732
012704220556000124089678150000000000009274
212704220556000203975799630000000000009356
182704220558000132184328540000000000006968
212704220556000164705143250000000000009241
212704220556000160322036550000000000008454
212704220556000133574398580000000000009357
212704220556000131780175090000000000008051
212704220556000209487837230000000000007954
212704220556000133649038900000000000007650
212704220557000133899918580000000000008049
212704220557000126521109360000000000007514
212704220557000123142055980000000000007617
212704220557000207397790650000000000009089
212704220558000137966228940000000000009491
212704220559000166909422960000000000009433
212704220559000204909868080000000000009370
212704220600000124506489860000000000008506
212704220600000207777417380000000000007951
212704220600000160921595630000000000007081
212704220600000131172178180000000000007477
012704220603000123187322230000000000002173
212704220602000135626459360000000000008511
212704220602000201117049650000000000009371
212704220605000134732848570000000000008184
012704220611000120589581110000000000003009
062704220615000207388597150000000000008270
012704220611000107941037470000000000000000
212704220610000123525549280000000000006900
012704220623000209797877040000000000008538
212704220622000129305640770000000000008967
012704220628000126380298920000000000006181
062704220630000121251285020000000000001784
062704220630000126331278530000000000003350
062704220630000126545082520000000000005706
212704220628000129441567740000000000001442
212704220628000123583778900000000000000285
012704220632000209810497230000000000009214
182704220634000181947268890000000000007238
212704220632000121459714340000000000003750
062704220639000122854741900000000000001273
012704220641000104077384680000000000000396
012704220641000160910644530000000000006520
012704220644000125439037730000000000003797
212704220643000124647401380000000000002400
212704220644000124101992500000000000003554
212704220645000127829227790000000000008131
212704220645000124977649740000000000008357
212704220645000131671579320000000000003018
212704220645000125978157750000000000002127
212704220645000120849003620000000000005457
012704220646000128966418170000000000001975
062704220647000128511291140000000000004819
012704220646000108322665040000000000000062
062704220649000129542278950000000000005296
012704220649000124103405650000000000000364
212704220646000137826774540000000000007482
212704220646000103755294270000000000000299
212704220647000170076509270000000000000494
212704220647000130701959370000000000004470
212704220649000124442613580000000000003844
212704220650000123161240800000000000001397
012704220651000124424755710000000000004219
062704220654000134664298960000000000006689
012704220652000124327477730000000000000462
172704220654000126791468500000000000000901
182704220653000207249718280000000000008525
012704220654000122399299700000000000000337
212704220651000122044582700000000000001124
172704220655000220131895660000000000009189
012704220655000166000504390000000000008949
212704220652000123161240800000000000001397
012704220655000162412096480000000000007283
212704220653000123816553620000000000002062
212704220655000132368358920000000000003457
012704220655000125472058170000000000007608
062704220658000206640644980000000000008992
012704220656000132824027740000000000007660
012704220657000124317923170000000000004936
212704220656000190452624040000000000005974
012704220657000130192938110000000000003612
212704220658000120944926580000000000000548
012704220658000125463210230000000000003961
212704220658000108822525230000000000000592
012704220658000125397947010000000000002540
062704220701000125591252520000000000002425
212704220703000135593768140000000000002664
212704220703000134602158510000000000004897
212704220703000132000089370000000000005823
212704220705000123838158120000000000005769
012704220706000124005837750000000000007955
062704220708000130900938540000000000004737
012704220707000138750808140000000000004259
182704220707000124449897930000000000003360
062704220712000121238988150000000000000357
212704220714000204866170700000000000003783
212704220714000145058139710000000000008784
012704220718000123242422400000000000001406
062704220717000123526544420000000000002508
012704220720000129412767790000000000001443
172704220720000130155508520000000000005309
212704220717000128441947710000000000009018
012704220720000270883758050000000000009474
212704220718000122759375460000000000000475
012704220721000190336113010000000000008971
012704220721000138511417750000000000007137
012704220721000103876795420000000000000016
212704220721000155164315180000000000008501
012704220721000121242171020000000000001015
062704220728000207794574330000000000008881
212704220729000124631300770000000000008388
212704220729000151590488240000000000009379
012704220735000136716507790000000000009515
212704220734000125822806330000000000009253
012704220737000127135331810000000000007910
062704220738000127640578160000000000006102
212704220739000133601268140000000000009396
012704220744000132743709310000000000002352
172704220742000130787149330000000000008185
212704220745000123232419840000000000000776
172704220742000138955797760000000000009242
172704220747000161487168889238            
172704220747000143788325220000000000009444
172704220748000133563192399249            
172704220748000156589159739247            
172704220749000124887231790000000000003036
012704220751000135935087790000000000005965
062704220753000126594768980000000000003885
012704220752000166412616550000000000008989
172704220752000124683417930000000000003237
172704220752000153522413120000000000009344
212704220753000132976478160000000000005409
172704220752000148518426909113            
212704220754000124029191500000000000002290
172704220754000127820889300000000000004500
172704220754000124879204180000000000002193
172704220755000202196860899248            
172704220755000213070153380000000000009443
172704220755000149812253739133            
172704220755000166590644449150            
172704220755000128743669029042            
172704220755000207732252398937            
172704220755000125879927479037            
172704220755000145599930560000000000009323
172704220755000162893572139125            
172704220755000152689896549146            
172704220755000153620642519118            
172704220755000161558942499151            
172704220755000166286388649041            
172704220755000164732623869206            
172704220755000238666421369145            
172704220756000212349505040000000000009322
172704220756000145017342280000000000009337
172704220756000139892080700000000000009040
172704220756000165162383840000000000009510
172704220756000128748427390000000000009507
172704220756000154530013090000000000009506
172704220756000212179268620000000000009501
172704220756000139300742560000000000009503
172704220756000136979795810000000000009511
172704220756000162992867180000000000009331
172704220756000154259257040000000000009505
172704220756000131610502819114            
172704220756000132751511849141            
172704220756000166752103369123            
172704220757000213257287079111            
172704220757000163193398709121            
172704220757000138055045269168            
172704220757000162987792309127            
172704220757000131607489009147            
172704220757000148444647249297            
172704220757000269024785440000000000009353
172704220757000131610809119257            
172704220757000140207723270000000000009504
172704220757000237024371309144            
172704220757000236032736790000000000009347
172704220757000148435252900000000000009434
172704220757000147750147610000000000009457
172704220757000157115586888920            
172704220757000166128247018923            
172704220758000153597948560000000000009435
172704220758000237757497600000000000009330
172704220758000138054315020000000000009451
172704220758000161649466209112            
172704220758000236131337219186            
172704220758000142136482610000000000009436
172704220758000163308264050000000000009333
172704220758000142702292990000000000009097
172704220758000128746568469120            
172704220758000206501856709115            
172704220758000152806671659140            
172704220758000228244333360000000000009408
172704220758000137338454389124            
172704220758000155432194430000000000009453
012704220757000125397674450000000000007166
012704220757000135287908990000000000006481
172704220759000165062061619235            
212704220756000129680147750000000000008294
172704220759000145619920450000000000009346
212704220757000122758137070000000000001019
172704220800000204045068149154            
212704220758000122919813680000000000000581
172704220800000165123276099130            
212704220800000108048521000000000000003919
172704220800000134474459540000000000009230
172704220801000148518436979128            
212704220804000131607699160000000000008961
172704220801000228077258980000000000009499
172704220801000204461319080000000000009440
172704220801000135698473489255            
172704220802000145933636120000000000008977
172704220803000136754141150000000000009327
172704220803000153618242440000000000009438
172704220803000156800781080000000000009326
012704220808000133691378510000000000003150
172704220809000163278656249033            
012704220812000125386433510000000000009243
182704220814000127532677760000000000008179
212704220814000127002728990000000000003768
012704220817000130188398100000000000008369
172704220820000122398885730000000000000890
062704220826000122891578150000000000000645
062704220828000170341780600000000000003544
172704220827000165012304559234            
212704220828000180041332610000000000008856
212704220829000228054462900000000000008627
012704220831000130341677160000000000009027
012704220831000166179072300000000000009526
012704220833000129035957730000000000009429
012704220838000129545788920000000000008241
012704220839000164383974590000000000000000
012704220840000121744306080000000000002744
062704220843000207866839310000000000008197
012704220845000209788244600000000000004311
012704220845000201168327080000000000008730
212704220844000104211882670000000000000990
012704220845000102923418970000000000000531
212704220847000121661481410000000000002719
012704220851000120178000330000000000003587
012704220854000124592933660000000000000438
212704220852000121862917210000000000002539
012704220856000124226314540000000000009448
012704220858000125859477790000000000008943
012704220859000190017887610000000000007241
212704220900000164794357380000000000008231
212704220900000146788996650000000000009225
012704220900000154525485920000000000008935
212704220900000102919905490000000000000892
062704220905000121250416870000000000008960
012704220909000129386648520000000000009461
212704220906000130173758960000000000008132
212704220911000130650118580000000000009428
012704220918000138750808140000000000004259
182704220925000136540339370000000000007755
012704220951000123725350900000000000009279
062704221105000127829227790000000000008131
172704220952000152716681460000000000009418
012704221000000160654165340000000000009372
062704221108000123525549280000000000006900
182704221052000121890026310000000000008191
172704221100000220131895660000000000009189
012704221002000162119844650000000000006072
212704220950000124150280120000000000003962
062704221110000134732848570000000000008184
182704221100000131718808990000000000007196
172704221118000133574398580000000000009357
012704221003000165908866290000000000000000
062704221110000166909422960000000000009433
212704220951000120695246220000000000001143
182704221102000131172178180000000000007477
172704221118000128325208570000000000002243
012704221004000210726526510000000000009310
212704220952000120907949940000000000000247
182704221134000126521109360000000000007514
062704221112000137826774540000000000007482
172704221122000206570019820000000000007039
012704221005000132191179360000000000009378
212704220959000204346997770000000000009486
182704221134000131905924530000000000009085
062704221116000103755294270000000000000299
172704221127000137966228940000000000009491
012704221005000220072145110000000000009529
212704221000000128490487730000000000007476
182704221152000121890026310000000000008191
062704221117000128511291140000000000004819
172704221132000152716681460000000000009418
012704221005000162385711100000000000009481
212704221003000121459714340000000000003750
062704221206000123525549280000000000006900
182704221155000129482288930000000000007938
172704221200000213070153380000000000009443
012704221021000120293232430000000000008543
212704221015000121459714340000000000003750
062704221209000103755294270000000000000299
182704221200000123142055980000000000007617
172704221200000142136482610000000000009436
012704221021000123085805280000000000008563
062704221210000134732848570000000000008184
182704221200000131172178180000000000007477
212704221020000164705143250000000000009241
172704221200000163308264050000000000009333
012704221036000160910644530000000000006520
062704221210000166909422960000000000009433
212704221037000124974403030000000000008870
182704221200000160921595630000000000007081
172704221200000152689896549146            
012704221039000136843409350000000000004824
212704221104000228054462900000000000008627
062704221212000137826774540000000000007482
182704221205000131780175090000000000008051
172704221200000161558942499151            
012704221039000200469794890000000000009516
212704221104000130900938540000000000004737
062704221212000128511291140000000000004819
182704221205000204909868080000000000009370
172704221200000162893572139125            
012704221039000132489589350000000000009531
212704221108000131671579320000000000003018
182704221208000132184328540000000000006968
062704221214000209487837230000000000007954
172704221200000153620642519118            
012704221046000132191179360000000000009378
212704221109000190452624040000000000005974
062704221240000122891578150000000000000645
182704221208000203975799630000000000009356
172704221200000132751511849141            
012704221049000209810497230000000000009214
212704221112000124977649740000000000008357
182704221210000201117049650000000000009371
062704221245000126594768980000000000003885
172704221200000213257287079111            
012704221051000160910644530000000000006520
062704221303000121251285020000000000001784
182704221210000201301784320000000000006880
172704221200000131610502819114            
212704221114000133899918580000000000008049
012704221053000123187322230000000000002173
062704221310000126545082520000000000005706
182704221221000207777417380000000000007951
172704221200000166752103369123            
212704221118000129900538930000000000008732
012704221053000107941037470000000000000000
172704221200000237024371309144            
062704221315000209487837230000000000007954
212704221120000164705143250000000000009241
182704221221000124506489860000000000008506
012704221055000160654165340000000000009372
172704221200000138055045269168            
062704221326000206640644980000000000008992
212704221120000125978157750000000000002127
182704221228000127532677760000000000008179
012704221056000124089678150000000000009274
172704221200000166590644449150            
062704221326000108822525230000000000000592
212704221122000135626459360000000000008511
182704221231000207771464060000000000008867
012704221100000209797877040000000000008538
172704221200000148518436979128            
062704221330000129542278950000000000005296
212704221122000207397790650000000000009089
182704221235000131905924530000000000009085
012704221101000124103405650000000000000364
172704221200000161649466209112            
062704221331000122759375460000000000000475
212704221124000160322036550000000000008454
182704221235000126521109360000000000007514
012704221101000165231775490000000000009530
172704221200000148518426909113            
062704221332000130701959370000000000004470
212704221138000121862917210000000000002539
182704221245000120944926580000000000000548
012704221101000190336113010000000000008971
172704221201000156589159739247            
062704221336000126594768980000000000003885
212704221158000129441567740000000000001442
182704221256000132184328540000000000006968
012704221102000120589581110000000000003009
062704221341000124101992500000000000003554
172704221201000135698473489255            
212704221159000130900938540000000000004737
182704221300000123142055980000000000007617
062704221400000121251285020000000000001784
012704221103000165908866290000000000000000
172704221201000152806671659140            
182704221300000160921595630000000000007081
212704221159000228054462900000000000008627
062704221401000132976478160000000000005409
172704221201000149812253739133            
012704221103000125397947010000000000002540
212704221200000220131895660000000000009189
182704221308000203975799630000000000009356
062704221404000126331278530000000000003350
012704221103000190017887610000000000007241
172704221201000163193398709121            
212704221201000130173758960000000000008132
182704221310000201301784320000000000006880
062704221407000104211882670000000000000990
172704221201000147750147610000000000009457
012704221104000210726526510000000000009310
212704221201000131607699160000000000008961
182704221315000132976478160000000000005409
062704221417000124442613580000000000003844
172704221201000163278656249033            
012704221104000108322665040000000000000062
212704221202000133601268140000000000009396
182704221316000132970558540000000000002672
062704221420000134732848570000000000008184
172704221201000166128247018923            
012704221105000162385711100000000000009481
212704221202000131671579320000000000003018
182704221318000207771464060000000000008867
062704221427000108822525230000000000000592
172704221201000202196860899248            
012704221105000134117188100000000000009301
212704221203000131718808990000000000007196
182704221321000207777417380000000000007951
062704221427000130701959370000000000004470
172704221201000166286388649041            
012704221105000220072145110000000000009529
212704221203000129305640770000000000008967
172704221201000145017342280000000000009337
062704221428000129542278950000000000005296
182704221321000124506489860000000000008506
012704221106000132824027740000000000007660
212704221204000123161240800000000000001397
062704221437000134664298960000000000006689
182704221335000120944926580000000000000548
172704221201000153597948560000000000009435
012704221107000124273693240000000000007110
212704221204000127829227790000000000008131
062704221437000125591252520000000000002425
172704221201000145933636120000000000008977
182704221344000181947268890000000000007238
012704221110000210263180190000000000007763
212704221204000190452624040000000000005974
062704221437000127640578160000000000006102
172704221201000161487168889238            
012704221110000124317923170000000000004936
182704221358000124974403030000000000008870
212704221207000124647401380000000000002400
062704221440000124101992500000000000003554
172704221201000153522413120000000000009344
012704221111000126380298920000000000006181
182704221413000162523975210000000000007229
212704221208000136801587250000000000008048
062704221444000123525549280000000000006900
172704221201000165012304559234            
012704221111000122399299700000000000000337
182704221420000123142055980000000000007617
212704221208000122044582700000000000001124
062704221446000120849003620000000000005457
172704221202000134474459540000000000009230
012704221112000203902767360000000000008950
182704221420000129900538930000000000008732
212704221210000129900538930000000000008732
062704221456000126331278530000000000003350
172704221202000165062061619235            
012704221113000210725933100000000000008239
182704221447000181947268890000000000007238
212704221211000124631300770000000000008388
062704221456000120907949940000000000000247
172704221202000137338454389124            
012704221115000166000504390000000000008949
182704221457000129482288930000000000007938
212704221211000124449897930000000000003360
062704221457000204346997770000000000009486
172704221202000236032736790000000000009347
012704221119000125605349340000000000008505
182704221500000127039788140000000000009430
212704221211000133899918580000000000008049
062704221505000104211882670000000000000990
172704221202000237757497600000000000009330
012704221121000123085805280000000000008563
182704221500000165108410620000000000009446
212704221211000124977649740000000000008357
062704221513000124442613580000000000003844
172704221202000212349505040000000000009322
012704221121000120293232430000000000008543
182704221528000124154902550000000000008558
212704221212000126545082520000000000005706
172704221202000162992867180000000000009331
012704221125000102923418970000000000000531
182704221551000207249718280000000000008525
212704221216000122919813680000000000000581
172704221202000145619920450000000000009346
012704221130000103876795420000000000000016
212704221216000135626459360000000000008511
172704221202000269024785440000000000009353
012704221149000209810497230000000000009214
212704221216000207397790650000000000009089
172704221202000143788325220000000000009444
012704221149000123187322230000000000002173
172704221202000164732623869206            
212704221217000155164315180000000000008501
012704221156000124089678150000000000009274
172704221202000236131337219186            
212704221218000120467752380000000000001968
012704221157000107941037470000000000000000
172704221202000128743669029042            
212704221220000125978157750000000000002127
012704221157000120589581110000000000003009
172704221202000165162383840000000000009510
212704221221000120695246220000000000001143
012704221157000209797877040000000000008538
172704221202000128748427390000000000009507
212704221221000207388597150000000000008270
012704221157000136716507790000000000009515
172704221202000157115586888920            
212704221221000207866839310000000000008197
172704221202000139892080700000000000009040
012704221159000132824027740000000000007660
212704221223000160322036550000000000008454
172704221202000207732252398937            
212704221229000133649038900000000000007650
012704221201000165231775490000000000009530
172704221203000154530013090000000000009506
212704221232000123232419840000000000000776
012704221202000166179072300000000000009526
172704221203000154259257040000000000009505
212704221235000206980808280000000000009355
012704221203000130192938110000000000003612
172704221203000125879927479037            
212704221235000136812038990000000000009420
012704221203000135287908990000000000006481
172704221203000145599930560000000000009323
212704221235000121862917210000000000002539
012704221203000125397947010000000000002540
172704221203000212179268620000000000009501
212704221240000127039788140000000000009430
012704221203000190017887610000000000007241
172704221203000228077258980000000000009499
212704221240000201164118260000000000007614
012704221204000122399299700000000000000337
172704221203000228244333360000000000009408
212704221240000128139718570000000000009368
012704221204000124317923170000000000004936
172704221203000139300742560000000000009503
212704221240000165108410620000000000009446
012704221204000126939379320000000000009447
172704221203000136979795810000000000009511
212704221240000200645564970000000000009431
012704221205000126188878180000000000009215
172704221203000148444647249297            
212704221240000207770617100000000000008233
012704221205000134117188100000000000009301
172704221203000131610809119257            
212704221240000125471226600000000000007552
012704221205000162412096480000000000007283
172704221203000148435252900000000000009434
212704221240000135521788550000000000008507
012704221205000124273693240000000000007110
172704221203000153618242440000000000009438
212704221240000123755421010000000000008972
012704221209000125153148820000000000006913
172704221203000204461319080000000000009440
212704221240000164484830560000000000009432
012704221210000210263180190000000000007763
172704221203000133563192399249            
212704221241000129441567740000000000001442
172704221203000138054315020000000000009451
012704221210000126380298920000000000006181
212704221243000123216468550000000000007512
172704221203000204045068149154            
212704221244000204866170700000000000003783
012704221210000190336113010000000000008971
172704221204000140207723270000000000009504
212704221244000145058139710000000000008784
012704221211000108322665040000000000000062
172704221204000155432194430000000000009453
212704221244000151590488240000000000009379
012704221212000128541669320000000000007929
172704221204000206501856709115            
212704221245000165181563500000000000008293
012704221212000203902767360000000000008950
172704221204000165123276099130            
212704221248000121459714340000000000003750
012704221213000210725933100000000000008239
172704221204000142702292990000000000009097
212704221248000135593768140000000000002664
012704221213000136800228150000000000003054
172704221204000128746568469120            
212704221249000122758137070000000000001019
012704221213000128966418170000000000001975
172704221204000238666421369145            
212704221252000190038416780000000000007789
012704221215000166000504390000000000008949
172704221204000130787149330000000000008185
212704221254000142729826010000000000009341
012704221215000131197407710000000000007952
172704221204000124887231790000000000003036
212704221254000104404074160000000000003186
012704221215000125472058170000000000007608
172704221204000124683417930000000000003237
212704221255000132000089370000000000005823
012704221219000125605349340000000000008505
172704221205000138955797760000000000009242
212704221258000120467752380000000000001968
012704221219000102923418970000000000000531
172704221205000156800781080000000000009326
212704221259000123161240800000000000001397
012704221222000125386433510000000000009243
172704221205000136754141150000000000009327
212704221259000130173758960000000000008132
012704221224000132743709310000000000002352
172704221205000126791468500000000000000901
212704221301000123816553620000000000002062
012704221226000124103405650000000000000364
172704221205000127820889300000000000004500
212704221302000202133339740000000000008581
012704221236000135935087790000000000005965
212704221302000204909868080000000000009370
172704221205000162987792309127            
012704221240000166412616550000000000008989
172704221205000131607489009147            
212704221303000129305640770000000000008967
012704221240000138511417750000000000007137
172704221206000125822806330000000000009253
212704221303000122044582700000000000001124
012704221240000130188398100000000000008369
212704221303000124647401380000000000002400
172704221207000124879204180000000000002193
012704221240000125463210230000000000003961
212704221303000131780175090000000000008051
172704221208000128325208570000000000002243
012704221241000103876795420000000000000016
212704221303000127002728990000000000003768
172704221217000122398885730000000000000890
012704221251000127259748970000000000009105
212704221304000146788996650000000000009225
172704221217000130155508520000000000005309
012704221251000125439037730000000000003797
212704221305000124631300770000000000008388
172704221218000133574398580000000000009357
012704221256000129412767790000000000001443
212704221306000130650118580000000000009428
172704221222000206570019820000000000007039
012704221257000136716507790000000000009515
212704221309000201117049650000000000009371
172704221225000137966228940000000000009491
012704221300000166179072300000000000009526
212704221312000124449897930000000000003360
172704221230000152716681460000000000009418
012704221300000162412096480000000000007283
212704221313000164794357380000000000008231
172704221255000165012304559234            
012704221303000130192938110000000000003612
212704221317000125870219380000000000007757
172704221255000134474459540000000000009230
012704221305000160910644530000000000006520
212704221318000155164315180000000000008501
172704221255000212349505040000000000009322
012704221305000135287908990000000000006481
212704221325000120695246220000000000001143
172704221255000162992867180000000000009331
212704221325000207388597150000000000008270
172704221255000213257287079111            
012704221307000154525485920000000000008935
212704221325000207866839310000000000008197
172704221255000131610502819114            
012704221308000125153148820000000000006913
212704221326000123232419840000000000000776
172704221255000166752103369123            
012704221311000131197407710000000000007952
212704221326000122919813680000000000000581
172704221255000132751511849141            
012704221312000127135331810000000000007910
212704221328000127532677760000000000008179
172704221255000145619920450000000000009346
012704221313000104077384680000000000000396
212704221329000123838158120000000000005769
172704221255000153597948560000000000009435
012704221314000125472058170000000000007608
172704221255000237757497600000000000009330
212704221329000133649038900000000000007650
012704221314000121242171020000000000001015
172704221255000236806370000000000000009340
212704221330000134602158510000000000004897
012704221315000209788244600000000000004311
172704221255000237024371309144            
212704221335000138264869340000000000009246
012704221316000125397674450000000000007166
172704221255000138055045269168            
212704221337000122758137070000000000001019
012704221320000124327477730000000000000462
172704221255000143788325220000000000009444
212704221339000151590488240000000000009379
012704221320000136800228150000000000003054
172704221255000212179268620000000000009501
212704221341000125391418560000000000009245
012704221320000128966418170000000000001975
172704221256000139300742560000000000009503
212704221347000123816553620000000000002062
012704221323000125386433510000000000009243
172704221256000228077258980000000000009499
212704221347000132368358920000000000003457
012704221324000122843742730000000000007687
172704221256000236131337219186            
212704221349000134664298960000000000006689
012704221328000129035957730000000000009429
172704221256000156589159739247            
212704221352000120849003620000000000005457
012704221329000164383974590000000000000000
172704221256000128743669029042            
212704221353000122534315420000000000006079
012704221330000124592933660000000000000438
172704221256000164732623869206            
212704221355000127002728990000000000003768
012704221332000130188398100000000000008369
172704221256000202196860899248            
212704221356000204346997770000000000009486
012704221332000138511417750000000000007137
172704221257000145017342280000000000009337
212704221356000124150280120000000000003962
012704221332000125463210230000000000003961
172704221257000145933636120000000000008977
212704221400000102919905490000000000000892
012704221332000125859477790000000000008943
212704221400000125591252520000000000002425
172704221257000163308264050000000000009333
012704221335000121744306080000000000002744
172704221257000125879927479037            
212704221401000164794357380000000000008231
012704221335000209073606740000000000009309
212704221401000120907949940000000000000247
172704221257000133563192399249            
012704221336000133066488160000000000009528
212704221404000204866170700000000000003783
172704221257000135698473489255            
012704221336000129775501530000000000009306
172704221257000207732252398937            
212704221404000145058139710000000000008784
012704221336000124883151430000000000009308
172704221258000139892080700000000000009040
212704221406000130650118580000000000009428
012704221337000236123649240000000000008952
172704221258000145599930560000000000009323
212704221410000108048521000000000000003919
012704221338000120178000330000000000003587
172704221258000157115586888920            
212704221411000127640578160000000000006102
012704221342000127135331810000000000007910
172704221258000166590644449150            
212704221412000129680147750000000000008294
012704221344000123242422400000000000001406
172704221258000153522413120000000000009344
212704221419000124093185190000000000002910
012704221349000127259748970000000000009105
172704221259000166286388649041            
212704221420000131780175090000000000008051
012704221351000129386648520000000000009461
172704221259000166128247018923            
212704221420000207397790650000000000009089
012704221351000124226314540000000000009448
172704221259000153620642519118            
212704221420000135626459360000000000008511
012704221352000270883758050000000000009474
212704221420000164705143250000000000009241
172704221259000204461319080000000000009440
012704221355000125439037730000000000003797
212704221420000166909422960000000000009433
172704221259000128748427390000000000009507
012704221357000129545788920000000000008241
212704221420000209487837230000000000007954
172704221300000161649466209112            
012704221358000124005837750000000000007955
212704221420000207777417380000000000007951
172704221300000148518426909113            
012704221359000132489589350000000000009531
212704221420000201117049650000000000009371
172704221300000127820889300000000000004500
012704221404000201168327080000000000008730
212704221420000121890026310000000000008191
172704221300000124887231790000000000003036
012704221404000123725350900000000000009279
212704221420000124506489860000000000008506
172704221300000165162383840000000000009510
212704221420000131905924530000000000009085
012704221406000135253008580000000000005951
172704221300000154259257040000000000009505
012704221409000104077384680000000000000396
172704221300000161558942499151            
012704221412000270883758050000000000009474
172704221300000152689896549146            
012704221413000121242171020000000000001015
172704221300000162893572139125            
012704221419000209788244600000000000004311
172704221300000165123276099130            
212704221420000133649038900000000000007650
172704221300000152806671659140            
012704221419000125397674450000000000007166
212704221420000131172178180000000000007477
172704221300000206501856709115            
012704221420000124273693240000000000007110
212704221420000160921595630000000000007081
172704221300000148518436979128            
012704221420000132191179360000000000009378
212704221420000126521109360000000000007514
172704221300000165062061619235            
012704221420000165908866290000000000000000
212704221420000129305640770000000000008967
172704221300000163278656249033            
012704221420000210263180190000000000007763
212704221420000204909868080000000000009370
172704221300000236032736790000000000009347
012704221420000220072145110000000000009529
212704221420000133574398580000000000009357
172704221301000149812253739133            
012704221420000165231775490000000000009530
212704221421000203975799630000000000009356
172704221301000213070153380000000000009443
012704221420000203902767360000000000008950
212704221421000137966228940000000000009491
172704221301000140207723270000000000009504
012704221420000209810497230000000000009214
212704221421000160322036550000000000008454
172704221301000138955797760000000000009242
012704221420000210726526510000000000009310
212704221421000206570019820000000000007039
172704221301000148435252900000000000009434
012704221420000123085805280000000000008563
212704221421000132184328540000000000006968
172704221301000163193398709121            
012704221420000120293232430000000000008543
212704221439000132368358920000000000003457
172704221301000155432194430000000000009453
012704221420000134117188100000000000009301
212704221447000122759375460000000000000475
172704221301000156800781080000000000009326
012704221420000162385711100000000000009481
212704221454000124029191500000000000002290
172704221301000136754141150000000000009327
012704221420000125605349340000000000008505
212704221455000102919905490000000000000892
172704221301000153618242440000000000009438
012704221420000124420566250000000000008993
212704221455000124974403030000000000008870
172704221302000128746568469120            
012704221420000210725933100000000000008239
212704221455000128441947710000000000009018
172704221302000131607489009147            
012704221421000160654165340000000000009372
212704221456000124150280120000000000003962
172704221302000124683417930000000000003237
012704221422000131197407710000000000007952
212704221500000136812038990000000000009420
172704221302000137338454389124            
012704221423000133691378510000000000003150
212704221510000129680147750000000000008294
172704221302000161487168889238            
012704221423000124089678150000000000009274
212704221512000180041332610000000000008856
172704221303000147750147610000000000009457
012704221426000162119844650000000000006072
212704221531000190038416780000000000007789
172704221303000154530013090000000000009506
012704221426000124592933660000000000000438
212704221540000108048521000000000000003919
172704221303000204045068149154            
012704221427000129035957730000000000009429
212704221548000131718808990000000000007196
172704221303000148444647249297            
212704221548000201301784320000000000006880
172704221303000131610809119257            
012704221428000164383974590000000000000000
212704221548000133899918580000000000008049
172704221303000142136482610000000000009436
012704221428000124005837750000000000007955
212704221548000207771464060000000000008867
172704221303000130787149330000000000008185
012704221432000125859477790000000000008943
212704221551000120467752380000000000001968
172704221303000126791468500000000000000901
012704221432000132824027740000000000007660
212704221555000128441947710000000000009018
172704221304000162987792309127            
012704221433000121744306080000000000002744
212704221556000164484830560000000000009432
172704221304000238666421369145            
012704221436000120178000330000000000003587
172704221304000142702292990000000000009097
012704221438000123242422400000000000001406
172704221305000125822806330000000000009253
012704221452000124226314540000000000009448
172704221306000128325208570000000000002243
012704221452000129386648520000000000009461
172704221307000124879204180000000000002193
012704221455000132489589350000000000009531
172704221317000130155508520000000000005309
012704221457000129545788920000000000008241
172704221317000122398885730000000000000890
012704221459000200469794890000000000009516
172704221336000121661481410000000000002719
012704221459000201168327080000000000008730
172704221432000121661481410000000000002719
012704221516000133691378510000000000003150
172704221438000165012304559234            
012704221525000124424755710000000000004219
172704221500000204461319080000000000009440
012704221530000107941037470000000000000000
172704221500000143788325220000000000009444
012704221535000125439037730000000000003797
172704221500000207732252398937            
012704221543000126939379320000000000009447
172704221500000128743669029042            
012704221548000125153148820000000000006913
172704221500000145599930560000000000009323
012704221557000123187322230000000000002173
172704221500000166128247018923            
172704221500000163278656249033            
172704221500000147750147610000000000009457
172704221500000202196860899248            
172704221500000156589159739247            
172704221500000153618242440000000000009438
172704221500000131610502819114            
172704221500000213257287079111            
172704221500000132751511849141            
172704221500000139892080700000000000009040
172704221500000128748427390000000000009507
172704221500000165162383840000000000009510
172704221500000154530013090000000000009506
172704221501000148435252900000000000009434
172704221501000145933636120000000000008977
172704221501000166752103369123            
172704221501000163193398709121            
172704221501000148518426909113            
172704221501000162987792309127            
172704221501000137338454389124            
172704221501000149812253739133            
172704221501000238666421369145            
172704221501000152806671659140            
172704221501000161649466209112            
172704221501000166590644449150            
172704221501000128746568469120            
172704221501000153620642519118            
172704221501000213070153380000000000009443
172704221502000142136482610000000000009436
172704221502000162893572139125            
172704221502000152689896549146            
172704221502000161558942499151            
172704221502000148518436979128            
172704221502000163308264050000000000009333
172704221502000142702292990000000000009097
172704221502000157115586888920            
172704221502000125879927479037            
172704221502000138055045269168            
172704221502000237024371309144            
172704221502000131607489009147            
172704221502000164732623869206            
172704221502000204045068149154            
172704221502000236131337219186            
172704221502000237757497600000000000009330
172704221502000212349505040000000000009322
172704221503000134474459540000000000009230
172704221503000145017342280000000000009337
172704221503000153522413120000000000009344
172704221503000236032736790000000000009347
172704221503000166286388649041            
172704221503000165062061619235            
172704221503000154259257040000000000009505
172704221503000133563192399249            
172704221503000135698473489255            
172704221503000145619920450000000000009346
172704221503000162992867180000000000009331
172704221503000212179268620000000000009501
172704221503000139300742560000000000009503
172704221503000228077258980000000000009499
172704221503000131610809119257            
172704221503000148444647249297            
172704221503000161487168889238            
172704221503000155432194430000000000009453
172704221504000156800781080000000000009326
172704221504000136754141150000000000009327
172704221504000140207723270000000000009504
172704221504000165123276099130            
172704221504000206501856709115            
172704221505000153597948560000000000009435
172704221508000138955797760000000000009242
172704221508000130787149330000000000008185
172704221515000124879204180000000000002193
