012504221558000138511417750000000000007137
012504221600000200469794890000000000009516
172504221605000152716681460000000000009418
182504221553000125471226600000000000007552
012504221600000132489589350000000000009531
212504221600000104404074160000000000003186
172504221642000126791468500000000000000901
182504221555000129482288930000000000007938
012504221602000126939379320000000000009447
212504221600000165181563500000000000008293
172504221642000124879204180000000000002193
182504221623000136801587250000000000008048
012504221602000136843409350000000000004824
212504221603000136812038990000000000009420
172504221647000200645564970000000000009431
182504221623000207770617100000000000008233
012504221603000128541669320000000000007929
212504221603000120944926580000000000000548
172504221648000122398885730000000000000890
182504221623000135521788550000000000008507
012504221612000133066488160000000000009528
212504221611000129441567740000000000001442
172504221648000220131895660000000000009189
182504221623000123755421010000000000008972
012504221617000126939379320000000000009447
212504221615000165181563500000000000008293
172504221648000130155508520000000000005309
182504221626000125391418560000000000009245
012504221618000209797877040000000000008538
212504221615000123216468550000000000007512
172504221748000127820889300000000000004500
182504221638000136540339370000000000007755
012504221618000120589581110000000000003009
212504221615000104404074160000000000003186
172504221748000128325208570000000000002243
182504221653000125471226600000000000007552
012504221626000123242422400000000000001406
212504221622000127532677760000000000008179
172504221748000124683417930000000000003237
182504221656000207811936340000000000009195
012504221627000124005837750000000000007955
212504221622000201164118260000000000007614
172504221749000125822806330000000000009253
182504221702000138264869340000000000009246
012504221630000103876795420000000000000016
212504221628000121251285020000000000001784
172504221805000124887231790000000000003036
182504221718000128139718570000000000009368
012504221630000108322665040000000000000062
212504221628000126331278530000000000003350
182504221718000212524488900000000000009083
012504221645000124103405650000000000000364
212504221634000128441947710000000000009018
182504221721000125391418560000000000009245
012504221648000126380298920000000000006181
212504221636000127039788140000000000009430
182504221723000136801587250000000000008048
012504221648000132824027740000000000007660
212504221637000190038416780000000000007789
182504221723000207770617100000000000008233
012504221648000190336113010000000000008971
212504221637000165108410620000000000009446
182504221723000123755421010000000000008972
012504221648000270883758050000000000009474
212504221638000127829227790000000000008131
182504221723000135521788550000000000008507
012504221648000166000504390000000000008949
212504221638000137826774540000000000007482
182504221732000181947268890000000000007238
012504221648000125472058170000000000007608
212504221638000129542278950000000000005296
182504221741000136540339370000000000007755
012504221650000125397947010000000000002540
212504221638000124977649740000000000008357
182504221742000207249718280000000000008525
012504221657000129412767790000000000001443
212504221638000124101992500000000000003554
182504221757000138264869340000000000009246
012504221659000236123649240000000000008952
212504221638000190452624040000000000005974
182504221818000212524488900000000000009083
012504221700000136843409350000000000004824
212504221638000135560278190000000000008452
182504221818000128139718570000000000009368
012504221701000122399299700000000000000337
212504221639000128511291140000000000004819
182504221855000125870219380000000000007757
012504221703000128541669320000000000007929
212504221642000207249718280000000000008525
182504221906000207249718280000000000008525
012504221703000127135331810000000000007910
212504221642000131671579320000000000003018
182504222020000132970558540000000000002672
012504221707000126188878180000000000009215
212504221646000125978157750000000000002127
182504222025000124154902550000000000008558
012504221710000128966418170000000000001975
212504221647000103755294270000000000000299
182504222041000124154902550000000000008558
012504221712000125591252520000000000002425
212504221648000124442613580000000000003844
182504222115000207811936340000000000009195
012504221712000133066488160000000000009528
212504221648000124647401380000000000002400
182504222130000207811936340000000000009195
012504221716000124883151430000000000009308
212504221648000124631300770000000000008388
182504222202000124154902550000000000008558
012504221716000104077384680000000000000396
212504221648000122044582700000000000001124
182504222202000138264869340000000000009246
012504221718000129035957730000000000009429
212504221651000124449897930000000000003360
182504222301000125870219380000000000007757
012504221719000122843742730000000000007687
212504221653000123161240800000000000001397
182504222302000207811936340000000000009195
012504221719000209073606740000000000009309
212504221655000134664298960000000000006689
012504221723000129775501530000000000009306
212504221700000123232419840000000000000776
012504221725000136800228150000000000003054
212504221704000164484830560000000000009432
012504221730000162200097710000000000009484
212504221704000142729826010000000000009341
012504221737000124581801180000000000002510
212504221707000155164315180000000000008501
012504221740000207866839310000000000008197
212504221712000206980808280000000000009355
012504221741000130341677160000000000009027
212504221713000122759375460000000000000475
012504221748000124317923170000000000004936
212504221715000123216468550000000000007512
012504221753000135287908990000000000006481
212504221719000127640578160000000000006102
012504221801000166412616550000000000008989
212504221722000201164118260000000000007614
012504221803000126188878180000000000009215
212504221730000130701959370000000000004470
012504221803000125397674450000000000007166
212504221734000207388597150000000000008270
012504221815000125386433510000000000009243
212504221735000170076509270000000000000494
012504221816000124883151430000000000009308
212504221743000120695246220000000000001143
012504221817000207796638820000000000005501
212504221748000122753845200000000000006047
012504221819000135253008580000000000005951
212504221751000122919813680000000000000581
012504221819000209073606740000000000009309
212504221803000127002728990000000000003768
012504221819000122843742730000000000007687
212504221803000122534315420000000000006079
012504221819000166179072300000000000009526
212504221803000164484830560000000000009432
012504221823000129775501530000000000009306
212504221805000129680147750000000000008294
012504221830000133691378510000000000003150
212504221807000145058139710000000000008784
012504221830000162200097710000000000009484
212504221812000206980808280000000000009355
012504221830000164383974590000000000000000
212504221815000180041332610000000000008856
012504221830000136716507790000000000009515
212504221822000228054462900000000000008627
012504221838000121744306080000000000002744
212504221838000104211882670000000000000990
012504221838000129545788920000000000008241
212504221838000132976478160000000000005409
012504221839000124592933660000000000000438
212504221838000121862917210000000000002539
012504221839000120178000330000000000003587
212504221843000120849003620000000000005457
012504221840000102923418970000000000000531
212504221843000132368358920000000000003457
212504221848000102919905490000000000000892
012504221841000124420566250000000000008993
212504221848000130173758960000000000008132
012504221842000126939379320000000000009447
212504221848000121661481410000000000002719
012504221842000209788244600000000000004311
212504221848000164794357380000000000008231
012504221848000125859477790000000000008943
212504221851000202133339740000000000008581
012504221849000201168327080000000000008730
212504221854000128757132310000000000005555
012504221852000124226314540000000000009448
212504221856000121238988150000000000000357
012504221852000129386648520000000000009461
212504221859000122891578150000000000000645
012504221855000162412096480000000000007283
212504221900000165181563500000000000008293
012504221857000190017887610000000000007241
212504221900000130650118580000000000009428
012504221900000136843409350000000000004824
212504221900000124974403030000000000008870
012504221900000200469794890000000000009516
212504221900000170341780600000000000003544
012504221900000132489589350000000000009531
212504221901000151590488240000000000009379
012504221913000107943402850000000000002042
212504221915000104404074160000000000003186
012504221920000121242171020000000000001015
212504221925000124029191500000000000002290
012504221932000162119844650000000000006072
212504221946000204866170700000000000003783
012504221948000123725350900000000000009279
212504221948000204346997770000000000009486
012504222025000124424755710000000000004219
212504221949000120907949940000000000000247
012504222028000130188398100000000000008369
212504221953000124150280120000000000003962
012504222200000162200097710000000000009484
212504221953000125870219380000000000007757
012504222200000124883151430000000000009308
212504222035000136540339370000000000007755
012504222200000129775501530000000000009306
212504222042000122758137070000000000001019
012504222200000128541669320000000000007929
212504222100000125471226600000000000007552
012504222200000133066488160000000000009528
212504222100000206980808280000000000009355
012504222200000126188878180000000000009215
212504222100000164484830560000000000009432
012504222200000236123649240000000000008952
212504222100000190038416780000000000007789
012504222201000209073606740000000000009309
212504222100000201164118260000000000007614
012504222201000122843742730000000000007687
212504222100000212524488900000000000009083
212504222100000207770617100000000000008233
212504222100000123755421010000000000008972
212504222100000135521788550000000000008507
212504222100000127039788140000000000009430
212504222100000165108410620000000000009446
212504222100000200645564970000000000009431
212504222100000136812038990000000000009420
212504222100000128139718570000000000009368
212504222100000123216468550000000000007512
212504222148000129482288930000000000007938
212504222200000136801587250000000000008048
212504222200000125391418560000000000009245
212604220545000120467752380000000000001968
012604220550000209810497230000000000009214
012604220551000132191179360000000000009378
062604220555000126521109360000000000007514
012604220554000131197407710000000000007952
182604220555000131718808990000000000007196
012604220555000127259748970000000000009105
182604220555000123142055980000000000007617
012604220555000125153148820000000000006913
212604220554000160032785450000000000008512
012604220555000134117188100000000000009301
212604220554000121890026310000000000008191
012604220555000210263180190000000000007763
212604220555000160322036550000000000008454
012604220555000162385711100000000000009481
012604220555000165231775490000000000009530
212604220555000133574398580000000000009357
212604220555000131780175090000000000008051
012604220555000125605349340000000000008505
212604220555000201301784320000000000006880
212604220555000137966228940000000000000000
212604220555000207397790650000000000009089
212604220555000132184328540000000000006968
212604220555000209487837230000000000007954
212604220555000131172178180000000000007477
212604220556000160921595630000000000007081
212604220556000131905924530000000000009085
012604220556000124089678150000000000009274
012604220556000160654165340000000000009372
182604220556000162918293130000000000006910
012604220557000124273693240000000000007110
212604220556000203975799630000000000009356
012604220558000123085805280000000000008563
212604220556000207771464060000000000008867
012604220559000210725933100000000000008239
212604220557000166909422960000000000009433
012604220600000267443914510000000000009317
212604220558000206570019820000000000007039
012604220600000120293232430000000000008543
212604220558000133649038900000000000007650
212604220558000134732848570000000000008184
212604220558000201117049650000000000009371
212604220600000204909868080000000000009370
182604220602000129900538930000000000008732
212604220601000135626459360000000000008511
212604220602000133899918580000000000008049
212604220605000124506489860000000000008506
212604220605000207777417380000000000007951
012604220606000123187322230000000000002173
012604220610000203902767360000000000008950
212604220609000129305640770000000000008967
012604220610000107941037470000000000000000
012604220615000220072145110000000000009529
012604220617000120589581110000000000003009
012604220619000165908866290000000000000000
012604220622000209797877040000000000008538
062604220622000123525549280000000000006900
062604220624000207388597150000000000008270
012604220629000126380298920000000000006181
212604220630000121459714340000000000003750
062604220632000126545082520000000000005706
062604220633000121251285020000000000001784
182604220634000181947268890000000000007238
062604220633000126331278530000000000003350
012604220638000125439037730000000000003797
062604220640000122854741900000000000001273
012604220638000108322665040000000000000062
012604220639000160910644530000000000006520
212604220636000129441567740000000000001442
012604220643000104077384680000000000000396
212604220644000124101992500000000000003554
212604220645000131671579320000000000003018
212604220645000124977649740000000000008357
212604220645000137826774540000000000007482
012604220649000130436228110000000000006906
062604220646000128511291140000000000004819
012604220649000122399299700000000000000337
062604220648000129542278950000000000005296
212604220646000125978157750000000000002127
212604220647000103755294270000000000000299
212604220648000127829227790000000000008131
212604220648000120695246220000000000001143
212604220649000124631300770000000000008388
012604220650000124103405650000000000000364
172604220652000126791468500000000000000901
012604220654000124005837750000000000007955
212604220650000130701959370000000000004470
012604220655000166000504390000000000008949
212604220651000124647401380000000000002400
212604220652000124442613580000000000003844
212604220652000135560278190000000000008452
212604220654000122044582700000000000001124
012604220655000130192938110000000000003612
062604220659000108822525230000000000000592
012604220656000125397947010000000000002540
172604220655000220131895660000000000009189
012604220657000125472058170000000000007608
182604220658000123161240800000000000001397
212604220657000190452624040000000000005974
012604220658000124317923170000000000004936
212604220657000134664298960000000000006689
012604220659000132824027740000000000007660
212604220658000120944926580000000000000548
212604220659000132368358920000000000003457
062604220709000130900938540000000000004737
012604220708000124327477730000000000000462
012604220712000128966418170000000000001975
182604220713000124449897930000000000003360
212604220710000124029191500000000000002290
012604220717000270883758050000000000009474
062604220716000124093185190000000000002910
012604220717000190336113010000000000008971
012604220718000129412767790000000000001443
212604220715000155164315180000000000008501
212604220716000204866170700000000000003783
212604220719000122759375460000000000000475
012604220720000130188398100000000000008369
062604220721000123526544420000000000002508
012604220723000124424755710000000000004219
172604220725000127820889300000000000004500
212604220723000128441947710000000000009018
212604220724000128757132310000000000005555
012604220726000103876795420000000000000016
012604220726000138511417750000000000007137
012604220730000121242171020000000000001015
012604220731000127135331810000000000007910
172604220730000130155508520000000000005309
212604220730000125822806330000000000009253
212604220733000121238988150000000000000357
012604220736000132743709310000000000002352
012604220737000135935087790000000000005965
172604220737000130787149330000000000008185
012604220738000136716507790000000000009515
212604220735000127640578160000000000006102
172604220737000138955797760000000000009242
212604220736000143055688330000000000008324
012604220743000138750808140000000000004259
012604220744000129035957730000000000009429
212604220743000123232419840000000000000776
212604220743000133601268140000000000009396
012604220746000166412616550000000000008989
172604220745000124683417930000000000003237
212604220748000128325208570000000000002243
212604220749000145058139710000000000008784
062604220754000126594768980000000000003885
212604220753000122758137070000000000001019
172604220752000124887231790000000000003036
212604220754000131607699160000000000008961
172604220755000238543273540000000000008931
172604220755000143070739209296            
172604220755000142153592408939            
172604220755000164436355400000000000008938
172604220755000236784819459283            
172604220755000158527881409285            
172604220755000145131119720000000000009289
172604220755000131609619578976            
172604220755000151310275639259            
172604220755000134476837319263            
172604220755000138054585088966            
172604220755000164819373389137            
172604220755000237541416748986            
172604220755000125879743238981            
172604220755000200779762019223            
172604220755000139858296078926            
172604220756000237813213199282            
172604220756000125878633949050            
172604220756000166178534249172            
172604220756000238860933679233            
172604220756000148799496350000000000009237
172604220756000131078363880000000000009222
172604220756000142729826010000000000009341
172604220756000161379707370000000000009393
172604220756000135486033779256            
172604220756000210235037299063            
172604220756000236356451050000000000009328
172604220756000237004829379200            
172604220756000158541401729131            
172604220756000148796448699161            
172604220756000125877574380000000000009100
012604220757000123242422400000000000001406
012604220759000125397674450000000000007166
182604220758000127532677760000000000008179
172604220756000137068986820000000000009456
212604220758000122919813680000000000000581
172604220757000238388480359224            
212604220759000129680147750000000000008294
172604220757000213030446350000000000009098
172604220757000134161756969062            
172604220757000236044580360000000000009445
172604220757000162792456410000000000009439
172604220757000238921581570000000000009458
172604220757000213060629799096            
172604220757000149340494599066            
172604220757000237245075309149            
172604220757000137063906970000000000009455
172604220757000146788996650000000000009225
172604220757000228244333360000000000009408
172604220757000148220111319191            
172604220758000201425849029167            
172604220758000134475338299269            
172604220758000238055574229260            
172604220758000236358934199270            
172604220758000128729347849294            
172604220758000158407696509138            
172604220758000236099041749052            
172604220758000165707092259209            
172604220758000128742302029058            
172604220758000136983885608930            
172604220758000153522403160000000000009354
172604220758000204379955479229            
172604220758000213388244329267            
172604220758000134043854029187            
172604220758000207769640590000000000009348
172604220758000145027422599181            
172604220759000137084560329231            
172604220759000154529344689204            
172604220759000238122280809228            
172604220759000236930839129207            
172604220759000163049488339202            
172604220759000143070139959210            
172604220759000161630836370000000000009049
172604220759000152789581588988            
172604220759000207253690990000000000009286
172604220800000124879204180000000000002193
172604220800000143069223040000000000009512
172604220800000163123789949295            
172604220801000166526536149299            
172604220801000162943664540000000000009350
172604220801000122398885730000000000000890
172604220804000237138956319102            
172604220804000160852956359169            
172604220805000236866662319221            
172604220805000163050487398980            
212604220807000108048521000000000000003919
012604220811000125386433510000000000009243
172604220813000212317751169003            
172604220814000134476093299290            
172604220815000137066867079056            
172604220819000143070214169292            
212604220824000228054462900000000000008627
012604220827000135287908990000000000006481
012604220830000166179072300000000000009526
212604220830000121661481410000000000002719
012604220830000209788244600000000000004311
012604220831000123968166770000000000008928
212604220835000135560278190000000000008452
012604220837000164383974590000000000000000
212604220837000122891578150000000000000645
212604220838000120849003620000000000005457
012604220841000207866839310000000000008197
012604220842000102923418970000000000000531
012604220843000120178000330000000000003587
012604220844000121744306080000000000002744
012604220848000201168327080000000000008730
012604220848000124592933660000000000000438
212604220845000104211882670000000000000990
212604220846000132976478160000000000005409
212604220846000180041332610000000000008856
212604220850000170341780600000000000003544
012604220852000121250416870000000000008960
012604220852000127514377710000000000003806
172604220853000152716681460000000000009418
012604220853000122940768010000000000001549
212604220852000151590488240000000000009379
212604220852000164794357380000000000008231
212604220855000130173758960000000000008132
012604220859000154525485920000000000008935
012604220900000125859477790000000000008943
212604220858000121862917210000000000002539
212604220859000102919905490000000000000892
012604220901000190017887610000000000007241
012604220902000129386648520000000000009461
012604220909000124226314540000000000009448
012604220911000129545788920000000000008241
062604220914000123583778900000000000000285
182604220911000136540339370000000000007755
212604220912000130650118580000000000009428
012604220921000130341677160000000000009027
012604220928000162119844650000000000006072
062604221103000103755294270000000000000299
012604220944000107943402850000000000002042
172604221002000130900938540000000000004737
062604221112000128511291140000000000004819
012604220946000125591252520000000000002425
182604221050000129900538930000000000008732
172604221015000130900938540000000000004737
062604221114000137826774540000000000007482
182604221100000160032785450000000000008512
012604220948000123725350900000000000009279
212604220940000122377870010000000000000164
172604221100000220131895660000000000009189
062604221201000103755294270000000000000299
182604221101000131718808990000000000007196
012604221000000160654165340000000000009372
212604220940000170076509270000000000000494
172604221120000206570019820000000000007039
062604221202000134732848570000000000008184
182604221127000126521109360000000000007514
012604221000000220072145110000000000009529
212604220942000120907949940000000000000247
172604221120000133574398580000000000009357
062604221202000166909422960000000000009433
182604221127000131905924530000000000009085
012604221000000220072145110000000000009529
212604221003000124150280120000000000003962
172604221122000137966228940000000000009491
062604221211000137826774540000000000007482
182604221141000160921595630000000000007081
012604221000000120293232430000000000008543
212604221006000190452624040000000000005974
172604221125000203975799630000000000009356
062604221211000128511291140000000000004819
182604221141000131172178180000000000007477
012604221000000123085805280000000000008563
212604221018000204346997770000000000009486
172604221136000152716681460000000000009418
062604221217000123525549280000000000006900
182604221147000129900538930000000000008732
012604221002000162385711100000000000009481
212604221032000207397790650000000000009089
172604221200000142729826010000000000009341
062604221238000126545082520000000000005706
182604221150000207777417380000000000007951
212604221032000135626459360000000000008511
012604221005000165908866290000000000000000
172604221200000142153592408939            
062604221239000124093185190000000000002910
182604221155000129482288930000000000007938
212604221037000124974403030000000000008870
012604221007000132191179360000000000009378
172604221200000138054585088966            
062604221242000122891578150000000000000645
182604221200000160032785450000000000008512
212604221045000121459714340000000000003750
012604221008000267443914510000000000009317
172604221200000137068986820000000000009456
062604221243000127640578160000000000006102
182604221200000121890026310000000000008191
212604221049000164705143250000000000009241
012604221039000200469794890000000000009516
172604221200000149340494599066            
062604221318000126594768980000000000003885
182604221203000132184328540000000000006968
212604221056000121459714340000000000003750
012604221039000132489589350000000000009531
062604221328000108822525230000000000000592
172604221200000125879743238981            
212604221100000121890026310000000000008191
182604221210000124506489860000000000008506
012604221044000136843409350000000000004824
062604221337000129542278950000000000005296
172604221200000164819373389137            
182604221212000129305640770000000000008967
212604221102000166909422960000000000009433
012604221048000132191179360000000000009378
062604221337000126545082520000000000005706
172604221200000237541416748986            
212604221102000134732848570000000000008184
182604221212000143055688330000000000008324
012604221050000160910644530000000000006520
062604221340000124101992500000000000003554
172604221200000163050487398980            
212604221104000131671579320000000000003018
182604221220000123142055980000000000007617
062604221340000127640578160000000000006102
012604221054000123187322230000000000002173
172604221200000164436355400000000000008938
212604221108000127829227790000000000008131
182604221220000201301784320000000000006880
172604221200000238543273540000000000008931
012604221054000107941037470000000000000000
062604221345000122759375460000000000000475
212604221108000125978157750000000000002127
182604221227000126521109360000000000007514
172604221200000137063906970000000000009455
062604221401000204346997770000000000009486
012604221057000120589581110000000000003009
212604221108000190452624040000000000005974
182604221230000127532677760000000000008179
172604221200000143069223040000000000009512
062604221401000121251285020000000000001784
012604221058000160654165340000000000009372
212604221113000124977649740000000000008357
182604221232000131905924530000000000009085
062604221402000207388597150000000000008270
172604221200000139858296078926            
012604221100000190336113010000000000008971
212604221116000133899918580000000000008049
182604221232000207771464060000000000008867
062604221402000126331278530000000000003350
172604221200000131609619578976            
012604221100000209797877040000000000008538
212604221121000123525549280000000000006900
182604221237000120944926580000000000000548
062604221410000104211882670000000000000990
172604221200000125878633949050            
012604221100000220072145110000000000009529
212604221122000164705143250000000000009241
182604221240000160921595630000000000007081
062604221413000134664298960000000000006689
172604221200000237138956319102            
012604221100000124273693240000000000007110
212604221130000160322036550000000000008454
182604221240000131172178180000000000007477
062604221423000108822525230000000000000592
172604221201000237245075309149            
012604221100000165231775490000000000009530
212604221131000135626459360000000000008511
182604221250000207777417380000000000007951
062604221434000129542278950000000000005296
172604221201000213030446350000000000009098
012604221101000123085805280000000000008563
212604221131000207397790650000000000009089
182604221259000132184328540000000000006968
062604221439000124101992500000000000003554
172604221201000128742302029058            
012604221101000120293232430000000000008543
212604221133000122854741900000000000001273
182604221310000124506489860000000000008506
062604221456000134664298960000000000006689
172604221201000158541401729131            
012604221102000162385711100000000000009481
212604221149000130173758960000000000008132
182604221310000132970558540000000000002672
062604221501000204346997770000000000009486
172604221201000134161756969062            
012604221102000125397947010000000000002540
212604221200000131671579320000000000003018
182604221312000143055688330000000000008324
062604221512000104211882670000000000000990
172604221201000213060629799096            
012604221103000132824027740000000000007660
212604221200000220131895660000000000009189
182604221312000129305640770000000000008967
172604221201000236358934199270            
012604221103000124089678150000000000009274
212604221201000201117049650000000000009371
182604221317000207771464060000000000008867
172604221201000237813213199282            
012604221103000160910644530000000000006520
212604221201000131780175090000000000008051
182604221318000123142055980000000000007617
172604221201000135486033779256            
012604221104000209810497230000000000009214
212604221201000204909868080000000000009370
182604221320000201301784320000000000006880
172604221201000238055574229260            
012604221105000165908866290000000000000000
212604221201000131607699160000000000008961
182604221328000120944926580000000000000548
172604221201000200779762019223            
012604221107000122399299700000000000000337
212604221201000122919813680000000000000581
182604221331000132976478160000000000005409
172604221201000162792456410000000000009439
012604221109000267443914510000000000009317
212604221201000133601268140000000000009396
182604221336000138264869340000000000009246
172604221201000128729347849294            
012604221110000134117188100000000000009301
212604221202000131718808990000000000007196
172604221201000125877574380000000000009100
182604221344000181947268890000000000007238
012604221110000126380298920000000000006181
212604221203000123232419840000000000000776
172604221201000213388244329267            
182604221351000162523975210000000000007229
012604221111000190017887610000000000007241
212604221205000120467752380000000000001968
172604221201000207253690990000000000009286
182604221406000124974403030000000000008870
012604221111000203902767360000000000008950
212604221206000122044582700000000000001124
172604221202000158527881409285            
182604221409000162918293130000000000006910
012604221112000210263180190000000000007763
212604221206000124647401380000000000002400
172604221202000166526536149299            
182604221420000123142055980000000000007617
012604221115000210725933100000000000008239
212604221207000155164315180000000000008501
172604221202000163123789949295            
182604221420000129900538930000000000008732
012604221116000124103405650000000000000364
212604221208000127829227790000000000008131
172604221202000148796448699161            
182604221444000181947268890000000000007238
012604221122000125605349340000000000008505
212604221208000125978157750000000000002127
172604221202000145131119720000000000009289
182604221457000129482288930000000000007938
012604221122000166000504390000000000008949
212604221210000122758137070000000000001019
172604221202000236784819459283            
182604221527000124154902550000000000008558
012604221127000102923418970000000000000531
212604221210000133899918580000000000008049
172604221202000154529344689204            
182604221530000127039788140000000000009430
012604221132000103876795420000000000000016
212604221212000124977649740000000000008357
172604221202000165707092259209            
182604221530000165108410620000000000009446
212604221212000136801587250000000000008048
012604221137000166412616550000000000008989
172604221202000237004829379200            
182604221533000190038416780000000000007789
212604221214000121862917210000000000002539
012604221150000123187322230000000000002173
172604221202000161379707370000000000009393
212604221217000209487837230000000000007954
012604221152000120589581110000000000003009
172604221202000160852956359169            
212604221218000133649038900000000000007650
012604221152000107941037470000000000000000
172604221202000166178534249172            
212604221219000124631300770000000000008388
012604221156000209797877040000000000008538
172604221202000236866662319221            
212604221224000164705143250000000000009241
172604221202000236356451050000000000009328
012604221157000126939379320000000000009447
212604221224000126594768980000000000003885
172604221202000134476093299290            
012604221157000122399299700000000000000337
212604221225000203975799630000000000009356
172604221202000151310275639259            
012604221158000132824027740000000000007660
212604221225000129441567740000000000001442
172604221203000143070739209296            
012604221158000125397947010000000000002540
212604221225000124449897930000000000003360
172604221203000238921581570000000000009458
012604221158000190336113010000000000008971
212604221230000160322036550000000000008454
172604221203000134475338299269            
012604221159000166179072300000000000009526
212604221231000120695246220000000000001143
172604221203000210235037299063            
012604221200000124273693240000000000007110
212604221233000132976478160000000000005409
172604221203000236099041749052            
012604221200000165231775490000000000009530
212604221233000130900938540000000000004737
172604221203000158407696509138            
212604221237000201164118260000000000007614
172604221203000137066867079056            
012604221200000125153148820000000000006913
212604221237000123755421010000000000008972
172604221203000161630836370000000000009049
012604221203000124089678150000000000009274
212604221238000206980808280000000000009355
172604221203000207769640590000000000009348
012604221203000209810497230000000000009214
212604221238000136812038990000000000009420
172604221203000236044580360000000000009445
012604221203000124317923170000000000004936
212604221238000128139718570000000000009368
172604221203000152789581588988            
012604221205000130192938110000000000003612
212604221239000108048521000000000000003919
172604221203000153522403160000000000009354
012604221205000135287908990000000000006481
212604221239000165181563500000000000008293
172604221203000212317751169003            
012604221209000126188878180000000000009215
212604221240000165108410620000000000009446
172604221203000134476837319263            
012604221210000134117188100000000000009301
212604221240000127039788140000000000009430
172604221203000228244333360000000000009408
012604221210000126380298920000000000006181
212604221240000123216468550000000000007512
172604221203000238388480359224            
012604221210000131197407710000000000007952
212604221240000164484830560000000000009432
172604221203000137084560329231            
212604221240000200645564970000000000009431
172604221204000238122280809228            
012604221211000124103405650000000000000364
212604221240000207770617100000000000008233
172604221204000134043854029187            
012604221211000125439037730000000000003797
212604221240000135521788550000000000008507
172604221204000145027422599181            
012604221212000190017887610000000000007241
212604221240000125471226600000000000007552
172604221204000204379955479229            
012604221212000128541669320000000000007929
212604221242000180041332610000000000008856
172604221204000136983885608930            
012604221212000203902767360000000000008950
212604221247000121459714340000000000003750
172604221204000236930839129207            
012604221212000210263180190000000000007763
212604221249000130173758960000000000008132
172604221204000163049488339202            
012604221218000210725933100000000000008239
212604221251000129441567740000000000001442
172604221204000143070139959210            
012604221222000125605349340000000000008505
212604221254000123232419840000000000000776
172604221204000143070214169292            
012604221222000166000504390000000000008949
212604221257000190038416780000000000007789
172604221204000146788996650000000000009225
012604221223000125472058170000000000007608
212604221259000120467752380000000000001968
172604221204000124879204180000000000002193
012604221223000132743709310000000000002352
212604221300000201117049650000000000009371
172604221204000127820889300000000000004500
012604221226000102923418970000000000000531
212604221300000131780175090000000000008051
172604221204000124683417930000000000003237
012604221231000135935087790000000000005965
212604221300000155164315180000000000008501
172604221204000148220111319191            
012604221236000129035957730000000000009429
172604221205000201425849029167            
212604221301000204909868080000000000009370
012604221236000166412616550000000000008989
172604221205000148799496350000000000009237
212604221302000124647401380000000000002400
012604221240000103876795420000000000000016
172604221205000238860933679233            
212604221302000122044582700000000000001124
012604221241000127514377710000000000003806
172604221205000131078363880000000000009222
212604221303000202133339740000000000008581
012604221242000108322665040000000000000062
172604221205000124887231790000000000003036
212604221304000128757132310000000000005555
012604221242000136716507790000000000009515
172604221205000130787149330000000000008185
212604221304000130701959370000000000004470
012604221248000127259748970000000000009105
172604221205000138955797760000000000009242
212604221306000104404074160000000000003186
012604221253000125605349340000000000008505
172604221206000162943664540000000000009350
212604221307000123161240800000000000001397
012604221253000120293232430000000000008543
172604221207000128325208570000000000002243
212604221307000128325208570000000000002243
012604221253000125397674450000000000007166
172604221208000125822806330000000000009253
212604221307000122919813680000000000000581
012604221254000270883758050000000000009474
172604221208000126791468500000000000000901
212604221308000121862917210000000000002539
012604221254000127135331810000000000007910
172604221210000130155508520000000000005309
212604221310000121251285020000000000001784
012604221259000124317923170000000000004936
172604221211000122398885730000000000000890
212604221310000126331278530000000000003350
012604221259000166179072300000000000009526
172604221220000206570019820000000000007039
212604221310000207388597150000000000008270
012604221300000160910644530000000000006520
172604221220000133574398580000000000009357
212604221311000164794357380000000000008231
172604221222000137966228940000000000009491
012604221301000124420566250000000000008993
212604221315000132368358920000000000003457
172604221235000152716681460000000000009418
012604221304000125153148820000000000006913
212604221317000209487837230000000000007954
172604221251000145058139710000000000008784
012604221305000136979795810000000000009511
212604221317000125870219380000000000007757
172604221255000137068986820000000000009456
012604221305000130192938110000000000003612
212604221317000151590488240000000000009379
172604221256000236806370000000000000009340
012604221310000122843742730000000000007687
212604221318000124631300770000000000008388
172604221300000134476093299290            
012604221311000138511417750000000000007137
212604221318000133649038900000000000007650
172604221300000236784819459283            
012604221311000125439037730000000000003797
212604221321000124449897930000000000003360
172604221300000158527881409285            
012604221312000131197407710000000000007952
212604221321000130650118580000000000009428
172604221300000145131119720000000000009289
012604221313000209788244600000000000004311
212604221324000120849003620000000000005457
172604221300000238122280809228            
012604221313000154525485920000000000008935
212604221324000108822525230000000000000592
172604221300000137084560329231            
012604221313000121242171020000000000001015
212604221324000122758137070000000000001019
172604221300000145027422599181            
012604221316000104077384680000000000000396
212604221327000228054462900000000000008627
172604221300000204379955479229            
012604221320000125386433510000000000009243
212604221327000120695246220000000000001143
172604221300000128742302029058            
012604221321000125472058170000000000007608
212604221329000127532677760000000000008179
172604221300000136983885608930            
012604221321000107943402850000000000002042
212604221331000108048521000000000000003919
172604221300000138054585088966            
012604221321000125591252520000000000002425
212604221332000121661481410000000000002719
172604221300000163050487398980            
012604221325000130188398100000000000008369
212604221332000124442613580000000000003844
172604221300000210235037299063            
012604221325000207866839310000000000008197
212604221332000123161240800000000000001397
172604221300000237541416748986            
012604221329000164383974590000000000000000
212604221337000122891578150000000000000645
172604221300000125879743238981            
012604221330000125859477790000000000008943
212604221338000125391418560000000000009245
172604221300000164819373389137            
012604221330000127135331810000000000007910
212604221340000123525549280000000000006900
172604221301000134475338299269            
012604221331000124592933660000000000000438
212604221352000122534315420000000000006079
172604221301000154529344689204            
012604221333000124327477730000000000000462
212604221355000129680147750000000000008294
172604221301000236356451050000000000009328
012604221334000127514377710000000000003806
212604221357000128757132310000000000005555
172604221301000134476837319263            
012604221335000236123649240000000000008952
212604221358000180041332610000000000008856
172604221301000148796448699161            
012604221335000135287908990000000000006481
212604221401000102919905490000000000000892
172604221301000128729347849294            
012604221336000120178000330000000000003587
212604221407000128441947710000000000009018
172604221301000213060629799096            
012604221336000209073606740000000000009309
212604221409000204866170700000000000003783
172604221301000125877574380000000000009100
012604221336000124883151430000000000009308
212604221409000120907949940000000000000247
172604221301000164436355400000000000008938
012604221337000129775501530000000000009306
212604221409000164794357380000000000008231
172604221301000137066867079056            
012604221337000133066488160000000000009528
212604221410000137966228940000000000009491
172604221301000237138956319102            
012604221338000135253008580000000000005951
212604221414000151590488240000000000009379
172604221301000238543273540000000000008931
012604221338000121744306080000000000002744
212604221415000160032785450000000000008512
172604221301000237245075309149            
012604221340000270883758050000000000009474
212604221415000132368358920000000000003457
172604221301000158541401729131            
212604221420000131780175090000000000008051
012604221342000136716507790000000000009515
172604221301000237004829379200            
212604221420000166909422960000000000009433
012604221345000162200097710000000000009484
172604221302000134161756969062            
212604221420000134732848570000000000008184
012604221345000127259748970000000000009105
172604221302000137063906970000000000009455
212604221420000164705143250000000000009241
012604221348000162119844650000000000006072
172604221302000152789581588988            
212604221420000135626459360000000000008511
012604221350000129035957730000000000009429
172604221302000153522403160000000000009354
212604221420000207397790650000000000009089
012604221351000129386648520000000000009461
172604221302000212317751169003            
212604221420000124506489860000000000008506
012604221351000124226314540000000000009448
172604221302000131609619578976            
212604221420000131905924530000000000009085
012604221352000129545788920000000000008241
172604221302000158407696509138            
212604221420000131172178180000000000007477
012604221356000125397674450000000000007166
172604221302000236099041749052            
212604221420000133574398580000000000009357
012604221359000207866839310000000000008197
172604221302000165707092259209            
212604221420000204909868080000000000009370
172604221302000135486033779256            
012604221359000132489589350000000000009531
212604221420000203975799630000000000009356
172604221302000238055574229260            
012604221400000130436228110000000000006906
212604221420000201117049650000000000009371
172604221302000236358934199270            
012604221404000123725350900000000000009279
212604221420000121890026310000000000008191
172604221302000162792456410000000000009439
012604221405000108322665040000000000000062
212604221420000207777417380000000000007951
172604221302000238921581570000000000009458
012604221407000104077384680000000000000396
212604221420000160921595630000000000007081
172604221302000236044580360000000000009445
012604221408000124005837750000000000007955
212604221421000126521109360000000000007514
172604221302000213030446350000000000009098
012604221413000209788244600000000000004311
212604221421000209487837230000000000007954
172604221302000238388480359224            
012604221419000128966418170000000000001975
212604221421000130650118580000000000009428
172604221302000139858296078926            
012604221419000129412767790000000000001443
212604221421000129305640770000000000008967
172604221303000237813213199282            
012604221419000122940768010000000000001549
212604221421000143055688330000000000008324
172604221303000200779762019223            
012604221420000209810497230000000000009214
212604221421000133649038900000000000007650
172604221303000143070214169292            
012604221420000132191179360000000000009378
212604221421000160322036550000000000008454
172604221303000238860933679233            
012604221420000160654165340000000000009372
212604221422000124150280120000000000003962
172604221303000148799496350000000000009237
012604221420000124273693240000000000007110
212604221424000124029191500000000000002290
172604221303000131078363880000000000009222
012604221420000124089678150000000000009274
212604221426000120849003620000000000005457
172604221303000213388244329267            
012604221421000210263180190000000000007763
212604221426000121661481410000000000002719
172604221303000207253690990000000000009286
012604221421000123085805280000000000008563
212604221432000124442613580000000000003844
172604221303000138955797760000000000009242
012604221421000162385711100000000000009481
212604221434000228054462900000000000008627
172604221303000124683417930000000000003237
012604221421000201168327080000000000008730
212604221445000122759375460000000000000475
172604221303000127820889300000000000004500
212604221456000129680147750000000000008294
012604221421000165908866290000000000000000
172604221303000126791468500000000000000901
212604221456000102919905490000000000000892
012604221421000220072145110000000000009529
172604221303000236866662319221            
212604221458000136812038990000000000009420
012604221421000165231775490000000000009530
172604221303000166178534249172            
212604221500000162918293130000000000006910
012604221422000125386433510000000000009243
172604221303000161630836370000000000009049
212604221502000124974403030000000000008870
012604221422000203902767360000000000008950
172604221303000130787149330000000000008185
212604221505000128441947710000000000009018
012604221425000134117188100000000000009301
172604221303000124887231790000000000003036
212604221507000120907949940000000000000247
012604221425000210725933100000000000008239
172604221304000134043854029187            
212604221520000124150280120000000000003962
012604221426000121242171020000000000001015
172604221304000163123789949295            
212604221528000124029191500000000000002290
012604221426000124592933660000000000000438
172604221304000151310275639259            
212604221539000122854741900000000000001273
012604221426000125591252520000000000002425
172604221304000143070739209296            
212604221548000131718808990000000000007196
012604221426000267443914510000000000009317
172604221304000166526536149299            
212604221548000201301784320000000000006880
012604221426000131197407710000000000007952
172604221304000201425849029167            
212604221548000207771464060000000000008867
012604221428000164383974590000000000000000
172604221304000148220111319191            
212604221549000133899918580000000000008049
012604221430000125859477790000000000008943
172604221304000143070139959210            
212604221550000120467752380000000000001968
012604221431000121744306080000000000002744
172604221304000125822806330000000000009253
012604221434000120178000330000000000003587
172604221305000236930839129207            
012604221435000162119844650000000000006072
172604221305000124879204180000000000002193
012604221451000124226314540000000000009448
172604221308000130155508520000000000005309
172604221309000207769640590000000000009348
012604221451000129386648520000000000009461
172604221310000122398885730000000000000890
012604221453000132489589350000000000009531
172604221349000145058139710000000000008784
012604221457000130436228110000000000006906
172604221421000206570019820000000000007039
012604221459000129545788920000000000008241
172604221500000238921581570000000000009458
012604221500000200469794890000000000009516
172604221500000148796448699161            
012604221501000126939379320000000000009447
172604221500000137068986820000000000009456
012604221504000123725350900000000000009279
172604221500000200779762019223            
012604221510000124005837750000000000007955
172604221500000154529344689204            
012604221515000126939379320000000000009447
172604221500000165707092259209            
012604221520000201168327080000000000008730
172604221500000137063906970000000000009455
012604221528000122940768010000000000001549
172604221500000125877574380000000000009100
012604221528000129412767790000000000001443
172604221500000161630836370000000000009049
012604221528000128966418170000000000001975
172604221500000237138956319102            
012604221530000107941037470000000000000000
172604221500000237245075309149            
012604221534000127259748970000000000009105
172604221500000134476093299290            
012604221535000125439037730000000000003797
172604221500000128742302029058            
012604221545000108322665040000000000000062
172604221500000213030446350000000000009098
012604221548000125153148820000000000006913
172604221500000134161756969062            
012604221553000136843409350000000000004824
172604221500000158527881409285            
012604221553000138750808140000000000004259
172604221500000236358934199270            
012604221558000123187322230000000000002173
172604221500000128729347849294            
172604221500000237813213199282            
172604221501000135486033779256            
172604221501000238055574229260            
172604221501000125879743238981            
172604221501000164819373389137            
172604221501000237541416748986            
172604221501000138054585088966            
172604221501000163050487398980            
172604221501000213388244329267            
172604221501000143070214169292            
172604221501000207253690990000000000009286
172604221501000163123789949295            
172604221501000213060629799096            
172604221501000164436355400000000000008938
172604221501000238543273540000000000008931
172604221501000151310275639259            
172604221501000145131119720000000000009289
172604221501000143070739209296            
172604221501000207769640590000000000009348
172604221502000166526536149299            
172604221502000134475338299269            
172604221502000236784819459283            
172604221502000131609619578976            
172604221502000158541401729131            
172604221502000143070139959210            
172604221502000236930839129207            
172604221502000158407696509138            
172604221502000137066867079056            
172604221502000236099041749052            
172604221502000238860933679233            
172604221502000148799496350000000000009237
172604221502000131078363880000000000009222
172604221502000236866662319221            
172604221502000166178534249172            
172604221502000237004829379200            
172604221502000236356451050000000000009328
172604221502000134476837319263            
172604221502000162792456410000000000009439
172604221502000134043854029187            
172604221503000238388480359224            
172604221503000153522403160000000000009354
172604221503000136983885608930            
172604221503000137084560329231            
172604221503000204379955479229            
172604221503000238122280809228            
172604221503000145027422599181            
172604221503000139858296078926            
172604221503000236044580360000000000009445
172604221503000212317751169003            
172604221503000148220111319191            
172604221503000201425849029167            
172604221504000152789581588988            
172604221506000210235037299063            
172604221510000138955797760000000000009242
172604221510000130787149330000000000008185
182604221556000129482288930000000000007938
062604221639000103755294270000000000000299
212604221600000165181563500000000000008293
172604221607000152716681460000000000009418
062604221644000127640578160000000000006102
182604221558000125471226600000000000007552
212604221602000104404074160000000000003186
172604221610000124879204180000000000002193
012604221559000200469794890000000000009516
062604221653000202133339740000000000008581
182604221618000207770617100000000000008233
212604221602000136812038990000000000009420
172604221622000200645564970000000000009431
012604221602000128541669320000000000007929
212604221603000120944926580000000000000548
182604221618000123755421010000000000008972
172604221632000126791468500000000000000901
212604221612000123216468550000000000007512
182604221624000125391418560000000000009245
012604221603000133066488160000000000009528
172604221638000122398885730000000000000890
212604221615000104404074160000000000003186
182604221626000136801587250000000000008048
012604221604000104077384680000000000000396
172604221641000130155508520000000000005309
212604221615000165181563500000000000008293
182604221634000207811936340000000000009195
012604221605000236123649240000000000008952
172604221648000220131895660000000000009189
212604221622000127532677760000000000008179
012604221606000209797877040000000000008538
212604221628000121251285020000000000001784
012604221607000124103405650000000000000364
212604221628000126545082520000000000005706
012604221610000136540339370000000000007755
212604221628000126331278530000000000003350
012604221618000120589581110000000000003009
212604221630000165108410620000000000009446
012604221624000130188398100000000000008369
212604221630000127039788140000000000009430
012604221630000103876795420000000000000016
212604221631000201164118260000000000007614
012604221638000127135331810000000000007910
212604221632000128441947710000000000009018
012604221640000125591252520000000000002425
212604221634000190038416780000000000007789
012604221645000190336113010000000000008971
212604221638000127829227790000000000008131
012604221648000132824027740000000000007660
212604221638000190452624040000000000005974
012604221648000126380298920000000000006181
212604221638000124977649740000000000008357
012604221648000122399299700000000000000337
212604221638000129542278950000000000005296
012604221648000166000504390000000000008949
212604221638000124101992500000000000003554
012604221648000125472058170000000000007608
212604221639000128511291140000000000004819
012604221648000270883758050000000000009474
212604221639000124442613580000000000003844
012604221652000136843409350000000000004824
212604221641000125978157750000000000002127
012604221653000130341677160000000000009027
212604221641000137826774540000000000007482
012604221654000125397947010000000000002540
212604221643000123161240800000000000001397
012604221654000124005837750000000000007955
212604221646000131671579320000000000003018
012604221654000124317923170000000000004936
212604221648000124631300770000000000008388
212604221648000122044582700000000000001124
212604221648000124647401380000000000002400
212604221653000164484830560000000000009432
