012504220550000127259748970000000000009105
012504220554000131197407710000000000007952
062504220555000126521109360000000000007514
012504220555000203902767360000000000008950
172504220555000207397790650000000000009089
062504220555000123525549280000000000006900
012504220555000132191179360000000000009378
172504220555000137966228940000000000000000
012504220555000210725933100000000000008239
172504220555000133574398580000000000009357
012504220555000134117188100000000000009301
172504220555000206570019820000000000007039
012504220555000125153148820000000000006913
172504220555000164705143250000000000009241
172504220555000201117049650000000000009371
012504220556000160654165340000000000009372
012504220556000162385711100000000000009481
172504220558000209487837230000000000007954
182504220555000131718808990000000000007196
012504220556000125605349340000000000008505
172504220558000131780175090000000000008051
182504220555000131172178180000000000007477
012504220556000210726526510000000000009310
172504220558000203975799630000000000009356
182504220555000160921595630000000000007081
012504220557000124089678150000000000009274
172504220600000204909868080000000000009370
182504220555000131905924530000000000009085
012504220557000267443914510000000000000000
182504220555000160032785450000000000008512
012504220557000123085805280000000000008563
182504220555000160322036550000000000008454
012504220558000120293232430000000000008543
182504220555000133899918580000000000008049
182504220556000207771464060000000000008867
182504220556000123142055980000000000007617
182504220556000120467752380000000000001968
182504220556000132184328540000000000006968
182504220557000121890026310000000000008191
182504220557000129900538930000000000008732
012504220602000165908866290000000000000000
062504220600000134732848570000000000008184
012504220602000124273693240000000000007110
062504220600000201301784320000000000006880
182504220602000135626459360000000000008511
012504220602000210263180190000000000007763
062504220602000133649038900000000000007650
182504220602000124506489860000000000008506
012504220604000123187322230000000000002173
062504220604000166909422960000000000009433
012504220611000107941037470000000000000000
012504220612000120589581110000000000003009
012504220620000209797877040000000000008538
062504220620000207388597150000000000008270
062504220622000126331278530000000000003350
062504220622000121251285020000000000001784
212504220622000129441567740000000000001442
212504220624000151590488240000000000009379
012504220629000125463210230000000000003961
062504220630000126545082520000000000005706
212504220626000121459714340000000000003750
212504220628000123583778900000000000000285
012504220633000126380298920000000000006181
012504220635000108322665040000000000000062
062504220637000122854741900000000000001273
012504220639000160910644530000000000006520
182504220637000181947268890000000000007238
012504220643000125439037730000000000003797
012504220645000124103405650000000000000364
212504220644000120695246220000000000001143
212504220645000127829227790000000000008131
212504220645000125978157750000000000002127
212504220645000124977649740000000000008357
212504220645000124101992500000000000003554
012504220649000128966418170000000000001975
062504220647000128511291140000000000004819
012504220650000104077384680000000000000396
062504220648000129542278950000000000005296
212504220645000137826774540000000000007482
062504220649000130701959370000000000004470
212504220646000131671579320000000000003018
212504220648000124647401380000000000002400
212504220650000122044582700000000000001124
212504220650000190452624040000000000005974
212504220650000135560278190000000000008452
012504220651000166000504390000000000008949
062504220653000103755294270000000000000299
172504220655000220131895660000000000009189
062504220653000108822525230000000000000592
012504220652000122399299700000000000000337
212504220652000124631300770000000000008388
062504220655000206640644980000000000008992
212504220652000124442613580000000000003844
212504220654000123161240800000000000001397
012504220656000162412096480000000000007283
012504220657000132824027740000000000007660
172504220657000126791468500000000000000901
182504220659000207249718280000000000008525
212504220658000132381068980000000000003019
012504220657000125472058170000000000007608
212504220659000120944926580000000000000548
012504220659000190336113010000000000008971
212504220700000132368358920000000000003457
012504220659000129412767790000000000001443
012504220700000125397947010000000000002540
062504220701000130900938540000000000004737
012504220702000124005837750000000000007955
062504220702000121250416870000000000008960
182504220700000124449897930000000000003360
012504220704000130341677160000000000009027
212504220701000132000089370000000000005823
012504220705000124317923170000000000004936
212504220701000135593768140000000000002664
212504220702000123838158120000000000005769
212504220705000134602158510000000000004897
062504220706000134664298960000000000006689
212504220708000122377870010000000000000164
062504220706000121238988150000000000000357
212504220708000170076509270000000000000494
062504220709000124093185190000000000002910
212504220709000124029191500000000000002290
012504220715000270883758050000000000009474
212504220715000155164315180000000000008501
212504220715000128757132310000000000005555
012504220719000124327477730000000000000462
012504220720000138511417750000000000007137
212504220716000128441947710000000000009018
012504220720000123242422400000000000001406
212504220719000122759375460000000000000475
012504220722000103876795420000000000000016
012504220723000124424755710000000000004219
062504220722000123526544420000000000002508
212504220725000207794574330000000000008881
012504220731000138750808140000000000004259
172504220735000127820889300000000000004500
012504220735000127135331810000000000007910
212504220732000125822806330000000000009253
012504220736000121242171020000000000001015
012504220741000124581801180000000000002510
212504220741000128325208570000000000002243
212504220746000132976478160000000000005409
212504220746000122758137070000000000001019
172504220747000124683417930000000000003237
212504220746000133601268140000000000009396
172504220747000124887231790000000000003036
012504220752000136716507790000000000009515
062504220752000127640578160000000000006102
012504220753000166412616550000000000008989
062504220752000129305640770000000000008967
062504220754000126594768980000000000003885
212504220753000122753845200000000000006047
212504220753000123232419840000000000000776
212504220755000129680147750000000000008294
212504220755000131607699160000000000008961
212504220755000122919813680000000000000581
012504220756000136800228150000000000003054
172504220755000130155508520000000000005309
182504220756000127532677760000000000008179
012504220758000125397674450000000000007166
172504220755000129875031589116            
012504220759000135287908990000000000006481
172504220755000237019268129143            
012504220759000135935087790000000000005965
172504220756000228053321719135            
172504220756000201590881720000000000009441
172504220756000164708413349129            
172504220756000149942061860000000000009352
172504220756000151665152030000000000009338
172504220756000140207665560000000000009413
172504220756000129878061500000000000009392
172504220756000134205876770000000000009459
172504220756000212104834850000000000009381
172504220756000137341918490000000000009402
172504220756000148797858020000000000009345
172504220756000132516904410000000000009336
172504220756000165198214719136            
172504220757000237713962868925            
172504220757000165097451799036            
172504220757000151660235569012            
172504220757000236201426929070            
172504220757000161527488880000000000009454
172504220757000147886952310000000000009442
172504220757000131607227908908            
172504220757000138593420019152            
172504220757000238913820530000000000009139
172504220757000201523311790000000000009382
172504220757000220016238270000000000009400
172504220757000228137128320000000000009383
172504220757000212335620550000000000009452
172504220757000148800773600000000000009508
172504220757000151659288818900            
172504220758000133940783839043            
172504220758000201559025688978            
172504220758000236119472768924            
172504220758000164474304040000000000009342
172504220758000164630779500000000000009339
172504220758000163368890930000000000009404
172504220758000145574645449092            
172504220758000236806370000000000000009340
172504220758000237969213760000000000009384
172504220758000213474098840000000000009414
172504220758000140927494969081            
172504220758000238938454929080            
172504220758000228244333360000000000009408
172504220758000236478751519126            
172504220758000213186993659051            
172504220758000204283470239094            
172504220759000238753699780000000000009324
172504220759000236801226980000000000009391
172504220759000134477732180000000000009406
172504220759000151351720610000000000009401
172504220759000128748663520000000000009403
172504220759000237728282799078            
172504220759000238639146310000000000009412
172504220759000140147860280000000000009394
172504220759000164920253510000000000009407
172504220801000134475437869132            
172504220801000162788010529122            
172504220801000158521561529142            
172504220801000162943664540000000000009350
172504220801000236678817340000000000009332
172504220802000124879204180000000000002193
012504220804000129035957730000000000009429
012504220804000130188398100000000000008369
212504220804000127002728990000000000003768
012504220808000133691378510000000000003150
012504220808000129545788920000000000008241
012504220809000125386433510000000000009243
212504220806000180041332610000000000008856
012504220814000207796638820000000000005501
182504220813000201301784320000000000006880
012504220815000107943402850000000000002042
062504220819000122891578150000000000000645
012504220816000207866839310000000000008197
172504220816000122398885730000000000000890
212504220816000145058139710000000000008784
062504220823000170341780600000000000003544
012504220830000166179072300000000000009526
212504220826000228054462900000000000008627
182504220835000201301784320000000000006880
012504220837000209788244600000000000004311
012504220837000164383974590000000000000000
012504220845000102923418970000000000000531
212504220841000104211882670000000000000990
012504220848000121744306080000000000002744
212504220846000204866170700000000000003783
212504220847000120849003620000000000005457
012504220850000124592933660000000000000438
062504220854000121661481410000000000002719
012504220852000125859477790000000000008943
172504220853000152716681460000000000009418
012504220853000201168327080000000000008730
212504220854000130173758960000000000008132
012504220853000124226314540000000000009448
012504220858000190017887610000000000007241
212504220856000102919905490000000000000892
212504220900000164794357380000000000008231
062504220900000120573391590000000000000561
012504220909000129386648520000000000009461
212504220910000130650118580000000000009428
012504220910000120178000330000000000003587
012504220913000220072145110000000000009529
012504220913000165231775490000000000009530
212504220924000125591252520000000000002425
012504220955000123725350900000000000009279
062504221109000103755294270000000000000299
012504221000000160654165340000000000009372
062504221113000137826774540000000000007482
172504220956000130900938540000000000004737
012504221000000162119844650000000000006072
062504221115000128511291140000000000004819
182504221008000131172178180000000000007477
172504221009000130900938540000000000004737
012504221003000210726526510000000000009310
212504220945000120907949940000000000000247
062504221159000108822525230000000000000592
182504221100000121890026310000000000008191
212504220957000124150280120000000000003962
012504221006000165908866290000000000000000
062504221200000134732848570000000000008184
172504221027000164705143250000000000009241
182504221101000131718808990000000000007196
212504221000000204346997770000000000009486
062504221200000166909422960000000000009433
012504221009000267443914510000000000000000
172504221027000135626459360000000000008511
182504221101000160032785450000000000008512
212504221003000121459714340000000000003750
062504221204000103755294270000000000000299
012504221010000162385711100000000000009481
172504221100000220131895660000000000009189
212504221016000121459714340000000000003750
182504221105000131172178180000000000007477
062504221211000209487837230000000000007954
012504221014000132191179360000000000009378
172504221100000134732848570000000000008184
212504221037000124974403030000000000008870
062504221212000137826774540000000000007482
182504221110000129900538930000000000008732
012504221014000132489589350000000000009531
172504221100000166909422960000000000009433
212504221047000128490487730000000000007476
062504221212000128511291140000000000004819
182504221129000126521109360000000000007514
012504221019000120293232430000000000008543
172504221120000206570019820000000000007039
212504221106000190452624040000000000005974
062504221214000123525549280000000000006900
182504221143000160921595630000000000007081
012504221019000123085805280000000000008563
172504221120000133574398580000000000009357
212504221106000131671579320000000000003018
062504221239000126545082520000000000005706
182504221155000129482288930000000000007938
012504221039000200469794890000000000009516
172504221127000164705143250000000000009241
212504221110000125978157750000000000002127
062504221250000132976478160000000000005409
182504221156000131718808990000000000007196
012504221044000136843409350000000000004824
172504221127000135626459360000000000008511
212504221110000127829227790000000000008131
062504221257000108822525230000000000000592
182504221200000129305640770000000000008967
012504221045000160910644530000000000006520
172504221127000203975799630000000000009356
212504221112000124977649740000000000008357
062504221309000123525549280000000000006900
182504221200000121890026310000000000008191
172504221134000152716681460000000000009418
012504221053000160654165340000000000009372
212504221119000133899918580000000000008049
062504221310000121251285020000000000001784
182504221200000160032785450000000000008512
012504221055000160910644530000000000006520
172504221159000148800773600000000000009508
062504221311000209487837230000000000007954
212504221120000160322036550000000000008454
182504221203000132184328540000000000006968
172504221159000133940783839043            
012504221055000132191179360000000000009378
062504221314000126594768980000000000003885
212504221136000207397790650000000000009089
182504221204000131905924530000000000009085
172504221159000151659288818900            
012504221056000107941037470000000000000000
212504221143000121862917210000000000002539
062504221327000122891578150000000000000645
182504221205000129900538930000000000008732
172504221159000131607227908908            
012504221058000190336113010000000000008971
212504221151000131172178180000000000007477
062504221328000122759375460000000000000475
172504221159000165097451799036            
182504221208000201117049650000000000009371
012504221100000124089678150000000000009274
062504221332000129542278950000000000005296
212504221200000220131895660000000000009189
172504221159000151660235569012            
182504221208000131780175090000000000008051
212504221200000190452624040000000000005974
012504221100000123187322230000000000002173
062504221337000126545082520000000000005706
172504221159000201559025688978            
182504221209000123142055980000000000007617
062504221343000124101992500000000000003554
212504221200000130173758960000000000008132
012504221102000209797877040000000000008538
172504221159000236119472768924            
182504221210000201301784320000000000006880
062504221343000126331278530000000000003350
212504221202000131671579320000000000003018
012504221102000120589581110000000000003009
172504221200000237713962868925            
182504221219000124506489860000000000008506
062504221346000122753845200000000000006047
212504221204000124631300770000000000008388
012504221103000210726526510000000000009310
172504221200000131607699160000000000008961
182504221227000204909868080000000000009370
062504221348000132976478160000000000005409
212504221204000123232419840000000000000776
012504221104000125397947010000000000002540
172504221200000236801226980000000000009391
182504221228000136540339370000000000007755
062504221354000130701959370000000000004470
212504221205000124647401380000000000002400
012504221106000132824027740000000000007660
172504221200000162943664540000000000009350
182504221229000126521109360000000000007514
062504221401000204346997770000000000009486
212504221205000120467752380000000000001968
012504221110000162385711100000000000009481
172504221200000149942061860000000000009352
182504221229000127532677760000000000008179
062504221409000104211882670000000000000990
212504221208000127829227790000000000008131
012504221110000267443914510000000000000000
172504221201000237969213760000000000009384
182504221230000207771464060000000000008867
212504221208000125978157750000000000002127
062504221415000122753845200000000000006047
012504221111000124273693240000000000007110
172504221201000236201426929070            
182504221243000160921595630000000000007081
062504221415000127640578160000000000006102
212504221208000123161240800000000000001397
012504221111000122399299700000000000000337
172504221201000236806370000000000000009340
182504221259000132184328540000000000006968
062504221425000123525549280000000000006900
212504221209000124449897930000000000003360
172504221201000228244333360000000000009408
012504221111000134117188100000000000009301
182504221302000129305640770000000000008967
062504221430000129542278950000000000005296
212504221209000136801587250000000000008048
172504221201000151351720610000000000009401
012504221112000126380298920000000000006181
182504221307000123142055980000000000007617
212504221210000122044582700000000000001124
012504221113000203902767360000000000008950
172504221201000124887231790000000000003036
182504221310000201301784320000000000006880
212504221210000133649038900000000000007650
012504221114000190017887610000000000007241
172504221202000164630779500000000000009339
182504221315000132970558540000000000002672
212504221211000155164315180000000000008501
172504221202000151665152030000000000009338
012504221114000124103405650000000000000364
182504221318000124506489860000000000008506
212504221212000124977649740000000000008357
172504221202000137341918490000000000009402
012504221115000125605349340000000000008505
182504221328000207771464060000000000008867
212504221212000122919813680000000000000581
172504221202000220016238270000000000009400
012504221115000210263180190000000000007763
182504221330000120944926580000000000000548
212504221213000129441567740000000000001442
172504221202000201523311790000000000009382
012504221115000210725933100000000000008239
182504221356000181947268890000000000007238
212504221213000133601268140000000000009396
172504221202000228137128320000000000009383
012504221118000166000504390000000000008949
182504221405000124974403030000000000008870
212504221218000120695246220000000000001143
172504221202000238753699780000000000009324
012504221118000267443914510000000000000000
182504221420000123142055980000000000007617
212504221218000207388597150000000000008270
172504221202000212104834850000000000009381
012504221122000123085805280000000000008563
182504221420000129900538930000000000008732
212504221218000135560278190000000000008452
172504221202000140147860280000000000009394
012504221123000124317923170000000000004936
182504221453000181947268890000000000007238
212504221219000133899918580000000000008049
172504221202000236678817340000000000009332
012504221123000120293232430000000000008543
182504221459000129482288930000000000007938
212504221220000160322036550000000000008454
172504221202000148797858020000000000009345
012504221129000102923418970000000000000531
182504221502000124974403030000000000008870
212504221222000126594768980000000000003885
172504221203000132516904410000000000009336
012504221132000108322665040000000000000062
182504221525000124154902550000000000008558
212504221226000203975799630000000000009356
172504221204000128748663520000000000009403
012504221132000166412616550000000000008989
182504221536000127039788140000000000009430
212504221230000207397790650000000000009089
172504221204000164920253510000000000009407
012504221150000107941037470000000000000000
182504221536000165108410620000000000009446
212504221230000130900938540000000000004737
172504221204000134477732180000000000009406
012504221155000209797877040000000000008538
182504221537000190038416780000000000007789
212504221233000180041332610000000000008856
172504221204000140207665560000000000009413
012504221155000123187322230000000000002173
212504221233000120944926580000000000000548
172504221204000164474304040000000000009342
012504221157000132824027740000000000007660
212504221235000201164118260000000000007614
172504221205000129878061500000000000009392
012504221200000124089678150000000000009274
212504221237000122758137070000000000001019
172504221205000238639146310000000000009412
012504221200000162412096480000000000007283
212504221239000123755421010000000000008972
172504221205000147886952310000000000009442
012504221200000190336113010000000000008971
212504221239000190038416780000000000007789
172504221205000237019268129143            
012504221201000126939379320000000000009447
212504221240000125471226600000000000007552
172504221205000129875031589116            
012504221201000122399299700000000000000337
212504221240000206980808280000000000009355
172504221205000201590881720000000000009441
012504221201000125397947010000000000002540
212504221240000206980808280000000000009355
172504221205000212335620550000000000009452
012504221202000125153148820000000000006913
212504221240000128139718570000000000009368
172504221206000127820889300000000000004500
012504221203000120589581110000000000003009
212504221240000135521788550000000000008507
172504221206000165198214719136            
012504221204000125439037730000000000003797
212504221240000212524488900000000000009083
172504221206000158521561529142            
012504221205000166179072300000000000009526
212504221240000207770617100000000000008233
172504221206000164708413349129            
012504221206000103876795420000000000000016
212504221240000165108410620000000000009446
172504221206000236478751519126            
012504221206000135287908990000000000006481
212504221240000127039788140000000000009430
172504221206000138593420019152            
012504221210000134117188100000000000009301
212504221240000200645564970000000000009431
172504221206000140927494969081            
212504221240000164484830560000000000009432
012504221210000126380298920000000000006181
172504221206000213474098840000000000009414
212504221241000123216468550000000000007512
012504221210000126188878180000000000009215
172504221206000163368890930000000000009404
212504221242000165181563500000000000008293
012504221211000124273693240000000000007110
172504221206000213186993659051            
212504221244000136812038990000000000009420
012504221212000124103405650000000000000364
172504221206000237728282799078            
212504221244000121459714340000000000003750
012504221212000128541669320000000000007929
172504221206000161527488880000000000009454
212504221255000145058139710000000000008784
012504221213000190017887610000000000007241
172504221206000204283470239094            
212504221255000204866170700000000000003783
012504221213000203902767360000000000008950
172504221206000134475437869132            
212504221255000142729826010000000000009341
012504221214000125472058170000000000007608
172504221206000238913820530000000000009139
212504221256000135593768140000000000002664
012504221215000210725933100000000000008239
172504221206000162788010529122            
212504221256000132000089370000000000005823
012504221215000125605349340000000000008505
172504221206000124879204180000000000002193
212504221257000123161240800000000000001397
012504221215000210263180190000000000007763
172504221207000124683417930000000000003237
212504221257000130173758960000000000008132
012504221217000129412767790000000000001443
172504221207000134205876770000000000009459
212504221259000120467752380000000000001968
012504221218000166000504390000000000008949
172504221207000228053321719135            
212504221300000129441567740000000000001442
012504221220000124317923170000000000004936
172504221207000126791468500000000000000901
212504221301000202133339740000000000008581
012504221227000131197407710000000000007952
172504221207000238938454929080            
212504221301000123232419840000000000000776
172504221207000145574645449092            
012504221227000135935087790000000000005965
212504221302000131905924530000000000009085
172504221207000125822806330000000000009253
012504221229000207796638820000000000005501
212504221302000164794357380000000000008231
172504221209000128325208570000000000002243
012504221232000166412616550000000000008989
212504221302000124647401380000000000002400
172504221211000122398885730000000000000890
012504221233000102923418970000000000000531
212504221303000104404074160000000000003186
012504221240000138750808140000000000004259
172504221211000130155508520000000000005309
212504221303000128325208570000000000002243
172504221220000206570019820000000000007039
012504221243000124581801180000000000002510
212504221304000127002728990000000000003768
172504221220000133574398580000000000009357
012504221243000108322665040000000000000062
212504221304000128757132310000000000005555
172504221233000152716681460000000000009418
012504221245000125386433510000000000009243
212504221304000207794574330000000000008881
172504221256000163368890930000000000009404
012504221250000127259748970000000000009105
212504221305000124631300770000000000008388
172504221259000165097451799036            
012504221251000133691378510000000000003150
212504221306000131780175090000000000008051
172504221259000151660235569012            
012504221254000270883758050000000000009474
212504221306000155164315180000000000008501
172504221259000145574645449092            
012504221255000162412096480000000000007283
212504221306000122044582700000000000001124
172504221259000213186993659051            
012504221300000166179072300000000000009526
212504221307000201117049650000000000009371
172504221259000204283470239094            
012504221300000160910644530000000000006520
212504221308000124449897930000000000003360
172504221259000213474098840000000000009414
012504221301000136716507790000000000009515
212504221308000130650118580000000000009428
172504221300000237713962868925            
012504221301000129035957730000000000009429
212504221309000133649038900000000000007650
172504221300000134475437869132            
012504221301000127135331810000000000007910
212504221313000132368358920000000000003457
172504221300000137341918490000000000009402
012504221303000136800228150000000000003054
212504221313000151590488240000000000009379
172504221300000124887231790000000000003036
012504221303000128966418170000000000001975
212504221317000135560278190000000000008452
172504221300000212335620550000000000009452
012504221307000207796638820000000000005501
212504221318000125870219380000000000007757
172504221300000201590881720000000000009441
012504221308000135287908990000000000006481
212504221320000120695246220000000000001143
172504221300000201559025688978            
012504221308000121242171020000000000001015
212504221320000207388597150000000000008270
172504221300000236801226980000000000009391
012504221309000209788244600000000000004311
212504221324000122919813680000000000000581
172504221300000236119472768924            
012504221309000104077384680000000000000396
212504221325000132381068980000000000003019
172504221300000128748663520000000000009403
012504221313000125472058170000000000007608
212504221325000206640644980000000000008992
172504221300000162788010529122            
012504221314000125153148820000000000006913
212504221327000228054462900000000000008627
172504221301000151659288818900            
012504221314000138511417750000000000007137
212504221330000121661481410000000000002719
172504221301000127820889300000000000004500
012504221314000130188398100000000000008369
212504221331000127532677760000000000008179
172504221301000165198214719136            
012504221314000125463210230000000000003961
212504221333000124442613580000000000003844
172504221301000151351720610000000000009401
012504221314000125591252520000000000002425
212504221333000122758137070000000000001019
172504221301000131607227908908            
012504221317000124327477730000000000000462
212504221335000138264869340000000000009246
172504221301000147886952310000000000009442
012504221318000103876795420000000000000016
212504221337000123838158120000000000005769
172504221301000201523311790000000000009382
012504221320000107943402850000000000002042
212504221338000125391418560000000000009245
172504221301000220016238270000000000009400
212504221339000134602158510000000000004897
012504221321000207866839310000000000008197
172504221301000228137128320000000000009383
212504221341000180041332610000000000008856
012504221324000125439037730000000000003797
172504221301000140927494969081            
212504221342000120849003620000000000005457
012504221324000270883758050000000000009474
172504221301000236678817340000000000009332
212504221351000122534315420000000000006079
012504221325000122843742730000000000007687
172504221301000140147860280000000000009394
212504221353000145058139710000000000008784
012504221327000131197407710000000000007952
172504221302000164630779500000000000009339
212504221353000204866170700000000000003783
012504221330000164383974590000000000000000
172504221302000126791468500000000000000901
212504221356000124150280120000000000003962
012504221330000124592933660000000000000438
172504221302000212104834850000000000009381
212504221357000129680147750000000000008294
172504221302000132516904410000000000009336
012504221331000125859477790000000000008943
212504221400000102919905490000000000000892
172504221302000125822806330000000000009253
012504221332000127135331810000000000007910
212504221400000164794357380000000000008231
172504221302000148797858020000000000009345
012504221333000129412767790000000000001443
212504221401000127002728990000000000003768
172504221302000238938454929080            
012504221335000121744306080000000000002744
212504221401000128757132310000000000005555
172504221303000164474304040000000000009342
012504221336000236123649240000000000008952
212504221402000120907949940000000000000247
172504221303000133940783839043            
012504221337000124883151430000000000009308
212504221403000121251285020000000000001784
172504221303000161527488880000000000009454
012504221337000209073606740000000000009309
212504221403000126331278530000000000003350
172504221303000236478751519126            
012504221338000120178000330000000000003587
212504221408000130650118580000000000009428
172504221303000238753699780000000000009324
012504221338000129775501530000000000009306
212504221410000132368358920000000000003457
172504221303000151665152030000000000009338
012504221342000133691378510000000000003150
212504221410000151590488240000000000009379
172504221303000124683417930000000000003237
012504221343000124581801180000000000002510
212504221412000132184328540000000000006968
172504221304000124879204180000000000002193
012504221343000107943402850000000000002042
212504221416000128441947710000000000009018
172504221305000237019268129143            
012504221344000136172498590000000000009265
212504221420000131780175090000000000008051
172504221305000129875031589116            
012504221345000125386433510000000000009243
212504221420000134732848570000000000008184
172504221306000164708413349129            
012504221347000124226314540000000000009448
212504221420000166909422960000000000009433
172504221306000164920253510000000000009407
012504221347000129386648520000000000009461
212504221420000201117049650000000000009371
172504221306000134477732180000000000009406
012504221347000127259748970000000000009105
212504221420000164705143250000000000009241
172504221306000140207665560000000000009413
012504221350000125397674450000000000007166
212504221420000207397790650000000000009089
172504221306000158521561529142            
012504221350000124420566250000000000008993
212504221420000135626459360000000000008511
172504221307000228053321719135            
012504221357000135253008580000000000005951
212504221420000124506489860000000000008506
172504221307000134205876770000000000009459
012504221400000136716507790000000000009515
212504221420000160032785450000000000008512
172504221307000122398885730000000000000890
012504221400000129035957730000000000009429
212504221420000133574398580000000000009357
172504221307000237728282799078            
012504221401000104077384680000000000000396
212504221420000203975799630000000000009356
172504221308000130155508520000000000005309
212504221420000121890026310000000000008191
012504221401000162119844650000000000006072
172504221309000238639146310000000000009412
212504221420000206570019820000000000007039
012504221402000136800228150000000000003054
172504221309000129878061500000000000009392
212504221420000131905924530000000000009085
012504221402000128966418170000000000001975
172504221327000204909868080000000000009370
212504221420000126521109360000000000007514
012504221403000124005837750000000000007955
172504221400000134205876770000000000009459
212504221420000160921595630000000000007081
012504221405000201168327080000000000008730
172504221500000129875031589116            
212504221420000129305640770000000000008967
012504221405000123725350900000000000009279
172504221500000164708413349129            
212504221420000204909868080000000000009370
012504221405000138511417750000000000007137
172504221500000237019268129143            
212504221421000137966228940000000000000000
012504221405000130188398100000000000008369
172504221500000228053321719135            
212504221421000160322036550000000000008454
012504221405000125591252520000000000002425
172504221500000158521561529142            
212504221421000209487837230000000000007954
012504221405000125463210230000000000003961
172504221500000140927494969081            
212504221422000133649038900000000000007650
012504221405000207866839310000000000008197
172504221500000165198214719136            
212504221427000228054462900000000000008627
012504221405000129545788920000000000008241
172504221500000212335620550000000000009452
212504221430000124029191500000000000002290
012504221409000209788244600000000000004311
172504221500000147886952310000000000009442
212504221433000122759375460000000000000475
012504221420000132191179360000000000009378
172504221500000201590881720000000000009441
212504221438000126545082520000000000005706
012504221420000124273693240000000000007110
172504221500000204283470239094            
212504221443000124442613580000000000003844
012504221420000267443914510000000000000000
172504221500000145574645449092            
212504221444000108822525230000000000000592
012504221420000210726526510000000000009310
172504221500000213186993659051            
212504221444000130701959370000000000004470
012504221420000125605349340000000000008505
172504221501000236119472768924            
212504221457000124150280120000000000003962
012504221420000162385711100000000000009481
172504221501000238938454929080            
212504221458000129680147750000000000008294
012504221420000134117188100000000000009301
172504221501000237728282799078            
212504221459000102919905490000000000000892
012504221420000210263180190000000000007763
172504221501000131607227908908            
212504221503000136812038990000000000009420
172504221501000201559025688978            
012504221420000203902767360000000000008950
212504221503000204346997770000000000009486
172504221501000236478751519126            
012504221420000165908866290000000000000000
212504221512000104211882670000000000000990
172504221501000161527488880000000000009454
012504221420000123085805280000000000008563
212504221512000120907949940000000000000247
172504221501000134475437869132            
012504221420000120293232430000000000008543
212504221516000128441947710000000000009018
172504221501000162788010529122            
012504221420000210725933100000000000008239
212504221517000127640578160000000000006102
172504221501000133940783839043            
012504221420000160654165340000000000009372
212504221526000124029191500000000000002290
172504221501000151660235569012            
212504221528000128490487730000000000007476
012504221420000124089678150000000000009274
172504221501000151659288818900            
212504221540000122854741900000000000001273
012504221423000131197407710000000000007952
172504221501000213474098840000000000009414
212504221548000131718808990000000000007196
012504221424000121242171020000000000001015
172504221501000129878061500000000000009392
212504221548000201301784320000000000006880
012504221425000162200097710000000000009484
172504221501000238639146310000000000009412
212504221548000133899918580000000000008049
012504221428000124592933660000000000000438
172504221501000128748663520000000000009403
212504221548000207771464060000000000008867
012504221428000164383974590000000000000000
172504221502000165097451799036            
212504221550000120467752380000000000001968
012504221431000125859477790000000000008943
172504221502000237713962868925            
012504221432000121744306080000000000002744
172504221502000201523311790000000000009382
012504221437000120178000330000000000003587
172504221502000164920253510000000000009407
012504221441000125397674450000000000007166
172504221502000236801226980000000000009391
012504221447000124226314540000000000009448
172504221502000134477732180000000000009406
012504221447000129386648520000000000009461
172504221502000140207665560000000000009413
012504221455000200469794890000000000009516
172504221502000151351720610000000000009401
012504221455000132489589350000000000009531
172504221502000220016238270000000000009400
012504221501000162119844650000000000006072
172504221502000228137128320000000000009383
012504221502000129545788920000000000008241
172504221502000164474304040000000000009342
012504221506000201168327080000000000008730
172504221502000151665152030000000000009338
012504221507000123725350900000000000009279
172504221502000238753699780000000000009324
012504221507000124005837750000000000007955
172504221502000163368890930000000000009404
012504221514000133066488160000000000009528
172504221502000137341918490000000000009402
012504221528000125439037730000000000003797
172504221502000140147860280000000000009394
172504221503000148797858020000000000009345
012504221530000107941037470000000000000000
172504221503000164630779500000000000009339
012504221548000125153148820000000000006913
172504221503000132516904410000000000009336
012504221556000123187322230000000000002173
172504221503000212104834850000000000009381
172504221503000236678817340000000000009332
172504221547000200645564970000000000009431
