012704221559000200469794890000000000009516
062704221606000123216468550000000000007512
012704221559000136843409350000000000004824
062704221638000128511291140000000000004819
172704221606000130155508520000000000005309
182704221610000129482288930000000000007938
012704221600000126939379320000000000009447
062704221639000103755294270000000000000299
172704221607000152716681460000000000009418
212704221600000136812038990000000000009420
182704221615000125471226600000000000007552
012704221602000128541669320000000000007929
062704221643000124093185190000000000002910
172704221620000200645564970000000000009431
212704221600000165108410620000000000009446
182704221618000207770617100000000000008233
012704221602000236123649240000000000008952
172704221631000126791468500000000000000901
062704221650000123583778900000000000000285
212704221600000165181563500000000000008293
182704221618000123755421010000000000008972
012704221608000133066488160000000000009528
172704221638000122398885730000000000000890
062704221651000125591252520000000000002425
212704221600000120944926580000000000000548
182704221619000125391418560000000000009245
012704221611000129412767790000000000001443
172704221648000220131895660000000000009189
062704221651000127640578160000000000006102
212704221601000127039788140000000000009430
182704221628000136801587250000000000008048
012704221638000127135331810000000000007910
062704221706000123216468550000000000007512
212704221602000129441567740000000000001442
172704221700000236806370000000000000009340
182704221645000207811936340000000000009195
012704221639000108322665040000000000000062
062704221710000206980808280000000000009355
212704221603000104404074160000000000003186
172704221716000200645564970000000000009431
182704221650000207249718280000000000008525
012704221639000103876795420000000000000016
062704221721000122759375460000000000000475
212704221606000124029191500000000000002290
172704221748000127820889300000000000004500
182704221658000135521788550000000000008507
012704221648000166000504390000000000008949
062704221739000207794574330000000000008881
212704221614000165181563500000000000008293
172704221748000128325208570000000000002243
182704221700000138264869340000000000009246
012704221648000270883758050000000000009474
062704221739000123526544420000000000002508
212704221616000104404074160000000000003186
172704221749000125822806330000000000009253
182704221716000125471226600000000000007552
012704221648000125397947010000000000002540
062704221739000207388597150000000000008270
212704221620000127532677760000000000008179
172704221810000124887231790000000000003036
182704221718000207770617100000000000008233
012704221648000122399299700000000000000337
062704221739000207866839310000000000008197
212704221628000121251285020000000000001784
172704221858000124683417930000000000003237
182704221718000123755421010000000000008972
012704221648000136540339370000000000007755
062704221748000126594768980000000000003885
212704221628000126331278530000000000003350
182704221718000125391418560000000000009245
062704221851000122891578150000000000000645
012704221648000125472058170000000000007608
212704221628000126545082520000000000005706
182704221728000136801587250000000000008048
062704221852000170341780600000000000003544
212704221630000190038416780000000000007789
012704221654000104077384680000000000000396
182704221730000181947268890000000000007238
062704221854000202133339740000000000008581
212704221631000128441947710000000000009018
012704221654000130192938110000000000003612
182704221758000135521788550000000000008507
062704221900000121250416870000000000008960
212704221632000201164118260000000000007614
012704221700000133066488160000000000009528
182704221800000138264869340000000000009246
212704221636000123816553620000000000002062
012704221700000136843409350000000000004824
182704221858000125870219380000000000007757
212704221638000190452624040000000000005974
012704221701000236123649240000000000008952
182704221904000207249718280000000000008525
212704221638000124101992500000000000003554
012704221703000124317923170000000000004936
182704221942000132970558540000000000002672
212704221638000124977649740000000000008357
012704221703000128541669320000000000007929
182704222015000124154902550000000000008558
212704221638000124442613580000000000003844
012704221705000120589581110000000000003009
182704222019000162523975210000000000007229
212704221639000127829227790000000000008131
012704221705000126380298920000000000006181
182704222030000124154902550000000000008558
212704221639000137826774540000000000007482
012704221706000124103405650000000000000364
182704222115000207811936340000000000009195
212704221639000129542278950000000000005296
012704221706000122843742730000000000007687
182704222130000207811936340000000000009195
212704221642000128490487730000000000007476
012704221706000209073606740000000000009309
182704222200000124154902550000000000008558
212704221644000131671579320000000000003018
012704221707000121242171020000000000001015
182704222201000138264869340000000000009246
212704221648000122044582700000000000001124
012704221707000126188878180000000000009215
182704222300000207811936340000000000009195
212704221648000124647401380000000000002400
012704221709000124005837750000000000007955
182704222301000125870219380000000000007757
212704221648000124631300770000000000008388
012704221712000124883151430000000000009308
212704221648000123161240800000000000001397
012704221712000129775501530000000000009306
212704221648000125978157750000000000002127
012704221722000129412767790000000000001443
212704221655000164484830560000000000009432
012704221722000136800228150000000000003054
212704221658000124449897930000000000003360
012704221725000125397674450000000000007166
212704221700000155164315180000000000008501
012704221727000138511417750000000000007137
212704221701000142729826010000000000009341
012704221745000136540339370000000000007755
212704221702000123232419840000000000000776
012704221757000122843742730000000000007687
212704221708000128139718570000000000009368
012704221805000125386433510000000000009243
212704221711000134664298960000000000006689
012704221806000209073606740000000000009309
212704221731000130900938540000000000004737
012704221806000126188878180000000000009215
212704221732000201164118260000000000007614
012704221810000209788244600000000000004311
212704221733000120695246220000000000001143
012704221812000123242422400000000000001406
212704221733000108822525230000000000000592
012704221813000124883151430000000000009308
212704221742000130701959370000000000004470
012704221813000129775501530000000000009306
212704221748000122919813680000000000000581
012704221813000135253008580000000000005951
212704221800000122534315420000000000006079
012704221818000166179072300000000000009526
212704221801000122854741900000000000001273
012704221819000129035957730000000000009429
212704221801000129680147750000000000008294
012704221823000135287908990000000000006481
212704221808000128139718570000000000009368
012704221826000133691378510000000000003150
212704221809000132368358920000000000003457
012704221830000164383974590000000000000000
212704221810000206980808280000000000009355
012704221837000124420566250000000000008993
212704221817000108048521000000000000003919
012704221837000136716507790000000000009515
212704221817000127002728990000000000003768
012704221838000121744306080000000000002744
212704221819000228054462900000000000008627
012704221838000120178000330000000000003587
212704221821000170076509270000000000000494
012704221838000124592933660000000000000438
212704221838000104211882670000000000000990
012704221839000129545788920000000000008241
212704221838000121862917210000000000002539
012704221841000102923418970000000000000531
212704221838000120849003620000000000005457
012704221848000125859477790000000000008943
212704221838000132976478160000000000005409
012704221849000124226314540000000000009448
212704221848000130173758960000000000008132
212704221848000121661481410000000000002719
012704221849000129386648520000000000009461
212704221848000164794357380000000000008231
012704221849000201168327080000000000008730
212704221854000151590488240000000000009379
012704221850000190017887610000000000007241
212704221854000102919905490000000000000892
012704221858000132489589350000000000009531
212704221900000130650118580000000000009428
012704221930000136540339370000000000007755
212704221900000165181563500000000000008293
012704221933000130188398100000000000008369
212704221902000124974403030000000000008870
012704221933000125463210230000000000003961
212704221915000104404074160000000000003186
012704221948000123725350900000000000009279
212704221927000122758137070000000000001019
012704221949000162119844650000000000006072
212704221927000124029191500000000000002290
012704222002000200469794890000000000009516
212704221948000204346997770000000000009486
012704222155000128966418170000000000001975
212704221951000124150280120000000000003962
012704222200000236123649240000000000008952
212704221955000120907949940000000000000247
012704222200000126188878180000000000009215
212704221957000125870219380000000000007757
012704222200000129775501530000000000009306
212704222015000204866170700000000000003783
012704222200000124883151430000000000009308
212704222015000145058139710000000000008784
012704222200000128541669320000000000007929
212704222057000136812038990000000000009420
012704222200000133066488160000000000009528
212704222100000206980808280000000000009355
012704222200000209073606740000000000009309
212704222100000125471226600000000000007552
012704222201000162412096480000000000007283
212704222100000201164118260000000000007614
012704222246000126939379320000000000009447
212704222100000127039788140000000000009430
012704222347000122843742730000000000007687
212704222100000200645564970000000000009431
012704222359000136843409350000000000004824
212704222100000165108410620000000000009446
212704222100000207770617100000000000008233
212704222100000123755421010000000000008972
212704222100000135521788550000000000008507
212704222100000190038416780000000000007789
212704222100000128139718570000000000009368
212704222100000164484830560000000000009432
212704222100000123216468550000000000007512
212704222148000129482288930000000000007938
212704222200000125391418560000000000009245
212704222200000136801587250000000000008048
212804220541000120467752380000000000001968
012804220550000209810497230000000000009214
012804220553000127259748970000000000009105
012804220555000210263180190000000000007763
012804220555000203902767360000000000008950
212804220554000160032785450000000000008512
012804220555000165908866290000000000000000
212804220555000126521109360000000000007514
212804220555000206570019820000000000007039
012804220555000124273693240000000000007110
212804220555000201301784320000000000006880
012804220555000131197407710000000000007952
212804220555000201117049650000000000009371
012804220555000125153148820000000000006913
212804220555000160322036550000000000008454
012804220555000134117188100000000000009301
212804220555000131780175090000000000008051
012804220555000132191179360000000000009378
212804220555000207771464060000000000008867
012804220555000165231775490000000000009530
012804220555000160654165340000000000009372
062804220600000166909422960000000000009433
012804220556000220072145110000000000009529
012804220557000124089678150000000000009274
012804220557000125605349340000000000008505
212804220556000121890026310000000000008191
012804220557000162385711100000000000009481
212804220556000203975799630000000000009356
012804220557000123085805280000000000008563
212804220557000123142055980000000000007617
012804220558000210726526510000000000009310
212804220557000132184328540000000000006968
212804220558000129900538930000000000008732
212804220558000137966228940000000000009491
212804220558000164705143250000000000009241
212804220558000160921595630000000000007081
212804220558000131905924530000000000009085
212804220559000131172178180000000000007477
212804220559000209487837230000000000007954
212804220559000133649038900000000000007650
212804220601000135626459360000000000008511
012804220604000123187322230000000000002173
212804220601000204909868080000000000009370
212804220601000124506489860000000000008506
212804220601000207777417380000000000007951
212804220602000134732848570000000000008184
212804220607000123216468550000000000007512
012804220612000107941037470000000000000000
012804220620000120589581110000000000003009
062804220620000207388597150000000000008270
012804220624000209797877040000000000008538
212804220629000121459714340000000000003750
212804220630000129441567740000000000001442
012804220631000126380298920000000000006181
062804220632000122753845200000000000006047
012804220632000122399299700000000000000337
062804220633000121251285020000000000001784
182804220632000162918293130000000000006910
062804220633000126545082520000000000005706
062804220633000126331278530000000000003350
012804220640000108322665040000000000000062
182804220637000181947268890000000000007238
012804220642000160910644530000000000006520
062804220645000124101992500000000000003554
012804220643000130436228110000000000006906
012804220644000130192938110000000000003612
212804220641000124647401380000000000002400
212804220642000132381068980000000000003019
212804220643000123161240800000000000001397
212804220644000103755294270000000000000299
212804220645000124977649740000000000008357
212804220645000137826774540000000000007482
012804220646000124005837750000000000007955
062804220646000127829227790000000000008131
062804220647000130701959370000000000004470
172804220650000126791468500000000000000901
062804220648000128511291140000000000004819
212804220649000122044582700000000000001124
062804220648000129542278950000000000005296
212804220649000120695246220000000000001143
212804220650000124631300770000000000008388
062804220650000120849003620000000000005457
012804220652000124103405650000000000000364
062804220655000134664298960000000000006689
012804220654000120293232430000000000008543
172804220655000220131895660000000000009189
012804220655000166000504390000000000008949
212804220651000124442613580000000000003844
012804220655000132824027740000000000007660
212804220653000200443661610000000000007804
012804220655000270883758050000000000009474
212804220654000125978157750000000000002127
212804220655000207397790650000000000009089
212804220655000131671579320000000000003018
012804220656000125472058170000000000007608
012804220658000190336113010000000000008971
212804220656000129305640770000000000008967
012804220659000130188398100000000000008369
212804220657000132368358920000000000003457
012804220659000125397947010000000000002540
212804220657000190452624040000000000005974
212804220658000108822525230000000000000592
212804220659000124029191500000000000002290
212804220659000120944926580000000000000548
012804220701000129412767790000000000001443
062804220703000124093185190000000000002910
012804220703000124327477730000000000000462
062804220704000135593768140000000000002664
012804220704000124317923170000000000004936
062804220704000206640644980000000000008992
212804220702000132000089370000000000005823
212804220703000134602158510000000000004897
212804220704000123838158120000000000005769
062804220708000125591252520000000000002425
062804220709000121238988150000000000000357
062804220710000130900938540000000000004737
212804220709000155164315180000000000008501
012804220713000125439037730000000000003797
212804220714000128441947710000000000009018
012804220717000130341677160000000000009027
062804220718000123526544420000000000002508
062804220718000127640578160000000000006102
062804220720000122759375460000000000000475
012804220721000124424755710000000000004219
012804220724000103876795420000000000000016
012804220725000138511417750000000000007137
012804220732000121242171020000000000001015
212804220732000125822806330000000000009253
012804220735000207866839310000000000008197
062804220737000170341780600000000000003544
012804220738000129412767790000000000001443
172804220738000124887231790000000000003036
182804220738000124449897930000000000003360
012804220739000123242422400000000000001406
012804220739000104077384680000000000000396
012804220739000127135331810000000000007910
012804220741000132743709310000000000002352
212804220740000133601268140000000000009396
212804220743000128325208570000000000002243
012804220747000121250416870000000000008960
062804220747000107940798970000000000006360
012804220750000166412616550000000000008989
172804220752000127820889300000000000004500
212804220753000123232419840000000000000776
172804220755000143788325220000000000009444
212804220754000131607699160000000000008961
172804220755000153597948560000000000009435
212804220755000122919813680000000000000581
172804220755000204461319080000000000009440
212804220755000151590488240000000000009379
172804220755000202196860899248            
172804220755000133563192399249            
172804220755000213070153380000000000009443
172804220755000156589159739247            
172804220755000142136482610000000000009436
062804220755000126594768980000000000003885
172804220755000131336527019010            
182804220759000127532677760000000000008179
172804220755000139892080700000000000009040
212804220755000108048521000000000000003919
172804220755000157115586888920            
212804220758000129680147750000000000008294
172804220755000145017342280000000000009337
212804220758000122758137070000000000001019
172804220755000207732252398937            
172804220755000136803913818922            
172804220756000163278656249033            
172804220756000145599930560000000000009323
172804220756000166128247018923            
172804220756000153618242440000000000009438
172804220756000148435252900000000000009434
172804220756000128743669029042            
172804220756000163308264050000000000009333
172804220756000166286388649041            
172804220757000124879204180000000000002193
172804220757000228244333360000000000009408
172804220757000236635632660000000000009437
172804220757000138054315020000000000009451
172804220800000145933636120000000000008977
012804220800000125397674450000000000007166
012804220800000135287908990000000000006481
172804220804000147750147610000000000009457
012804220800000135935087790000000000005965
012804220803000129035957730000000000009429
012804220805000125463210230000000000003961
172804220807000132329844949009            
212804220807000126868868560000000000008750
012804220806000125386433510000000000009243
172804220808000162943664540000000000009350
012804220810000136716507790000000000009515
172804220808000135698473489255            
172804220811000125879927479037            
172804220821000122398885730000000000000890
012804220830000166179072300000000000009526
012804220831000209788244600000000000004311
062804220831000122891578150000000000000645
212804220831000228054462900000000000008627
212804220835000180041332610000000000008856
012804220841000164383974590000000000000000
062804220841000122377870010000000000000164
012804220844000121744306080000000000002744
212804220844000104211882670000000000000990
012804220846000201168327080000000000008730
012804220846000124592933660000000000000438
012804220848000102923418970000000000000531
212804220845000130173758960000000000008132
012804220853000190017887610000000000007241
012804220853000124226314540000000000009448
172804220852000152716681460000000000009418
212804220850000121862917210000000000002539
212804220853000121661481410000000000002719
212804220855000164794357380000000000008231
012804220859000129386648520000000000009461
212804220857000102919905490000000000000892
012804220901000127907779360000000000008012
012804220904000125859477790000000000008943
212804220907000146788996650000000000009225
212804220918000170076509270000000000000494
212804220918000130650118580000000000009428
212804220920000132976478160000000000005409
212804220923000145058139710000000000008784
212804220923000204866170700000000000003783
012804220926000128966418170000000000001975
012804220930000129545788920000000000008241
062804220949000120573391590000000000000561
012804220934000128490487730000000000007476
062804221110000128511291140000000000004819
012804220935000107943402850000000000002042
172804220946000130900938540000000000004737
062804221114000137826774540000000000007482
182804221003000136540339370000000000007755
012804220951000120178000330000000000003587
172804220959000130900938540000000000004737
212804220946000124150280120000000000003962
062804221116000103755294270000000000000299
182804221055000121890026310000000000008191
172804221014000164705143250000000000009241
012804220955000123725350900000000000009279
212804221000000204346997770000000000009486
062804221202000209487837230000000000007954
182804221105000129900538930000000000008732
172804221100000220131895660000000000009189
012804221000000160654165340000000000009372
212804221004000121459714340000000000003750
062804221207000128511291140000000000004819
182804221123000123216468550000000000007512
172804221110000137966228940000000000009491
212804221006000120907949940000000000000247
012804221005000210726526510000000000009310
062804221208000103755294270000000000000299
182804221130000126521109360000000000007514
172804221114000206570019820000000000007039
212804221008000123525549280000000000006900
012804221005000162385711100000000000009481
062804221215000137826774540000000000007482
182804221132000131905924530000000000009085
172804221114000164705143250000000000009241
212804221016000121459714340000000000003750
012804221007000120293232430000000000008543
062804221232000170341780600000000000003544
182804221143000131780175090000000000008051
172804221121000203975799630000000000009356
212804221040000124974403030000000000008870
012804221008000123085805280000000000008563
062804221236000133649038900000000000007650
172804221134000152716681460000000000009418
182804221155000121890026310000000000008191
212804221058000132184328540000000000006968
012804221015000165908866290000000000000000
062804221243000122891578150000000000000645
172804221200000153597948560000000000009435
182804221155000129482288930000000000007938
212804221104000190452624040000000000005974
012804221039000200469794890000000000009516
062804221247000107940798970000000000006360
172804221200000136803913818922            
182804221156000160921595630000000000007081
212804221106000127829227790000000000008131
012804221040000132489589350000000000009531
062804221302000209487837230000000000007954
172804221200000132329844949009            
212804221106000125978157750000000000002127
182804221156000131172178180000000000007477
012804221041000160910644530000000000006520
062804221305000121251285020000000000001784
172804221200000147750147610000000000009457
212804221106000160032785450000000000008512
182804221200000129900538930000000000008732
012804221048000136843409350000000000004824
062804221317000126594768980000000000003885
172804221200000213070153380000000000009443
212804221107000131671579320000000000003018
182804221202000204909868080000000000009370
012804221052000160654165340000000000009372
062804221328000124093185190000000000002910
212804221110000129305640770000000000008967
172804221200000145017342280000000000009337
182804221202000207777417380000000000007951
012804221054000107941037470000000000000000
062804221330000123583778900000000000000285
212804221110000160322036550000000000008454
172804221200000166128247018923            
182804221206000160032785450000000000008512
012804221055000160910644530000000000006520
062804221331000108822525230000000000000592
212804221111000166909422960000000000009433
172804221200000163278656249033            
182804221207000201301784320000000000006880
012804221057000123187322230000000000002173
062804221333000129542278950000000000005296
212804221112000134732848570000000000008184
172804221200000145933636120000000000008977
182804221215000123142055980000000000007617
012804221057000209810497230000000000009214
062804221336000122891578150000000000000645
172804221200000163308264050000000000009333
212804221113000124977649740000000000008357
182804221223000123216468550000000000007512
012804221057000124089678150000000000009274
062804221339000122759375460000000000000475
172804221200000145599930560000000000009323
212804221129000207397790650000000000009089
182804221226000201117049650000000000009371
012804221100000220072145110000000000009529
062804221344000126331278530000000000003350
172804221200000207732252398937            
212804221129000135626459360000000000008511
182804221229000132970558540000000000002672
012804221100000165231775490000000000009530
062804221346000124101992500000000000003554
172804221200000138054315020000000000009451
212804221158000130173758960000000000008132
182804221230000127532677760000000000008179
012804221100000120589581110000000000003009
062804221351000124442613580000000000003844
172804221201000128743669029042            
212804221159000190452624040000000000005974
012804221101000209797877040000000000008538
182804221230000126521109360000000000007514
062804221358000204346997770000000000009486
172804221201000228244333360000000000009408
212804221200000220131895660000000000009189
012804221103000132824027740000000000007660
182804221230000131905924530000000000009085
062804221400000121251285020000000000001784
172804221201000202196860899248            
212804221200000124449897930000000000003360
012804221104000132191179360000000000009378
182804221231000124506489860000000000008506
062804221405000125591252520000000000002425
172804221201000131336527019010            
212804221200000120467752380000000000001968
182804221233000207771464060000000000008867
012804221105000210726526510000000000009310
062804221405000127640578160000000000006102
172804221201000139892080700000000000009040
212804221201000131607699160000000000008961
182804221252000120944926580000000000000548
062804221409000104211882670000000000000990
012804221105000190336113010000000000008971
172804221201000143788325220000000000009444
212804221201000131671579320000000000003018
182804221256000160921595630000000000007081
062804221410000122854741900000000000001273
012804221105000162385711100000000000009481
172804221201000204461319080000000000009440
212804221202000123232419840000000000000776
062804221423000124093185190000000000002910
182804221256000131172178180000000000007477
012804221106000125397947010000000000002540
172804221201000125879927479037            
212804221203000133601268140000000000009396
062804221437000123525549280000000000006900
182804221301000204909868080000000000009370
012804221106000123085805280000000000008563
172804221201000157115586888920            
212804221205000125978157750000000000002127
062804221438000121661481410000000000002719
182804221302000207777417380000000000007951
012804221106000120293232430000000000008543
172804221201000133563192399249            
212804221205000155164315180000000000008501
062804221440000120849003620000000000005457
182804221307000201301784320000000000006880
012804221107000126939379320000000000009447
172804221201000142136482610000000000009436
212804221205000124647401380000000000002400
062804221442000129542278950000000000005296
182804221314000123142055980000000000007617
012804221107000122399299700000000000000337
172804221201000156589159739247            
212804221206000127829227790000000000008131
062804221445000124101992500000000000003554
182804221322000207771464060000000000008867
012804221109000108322665040000000000000062
172804221201000135698473489255            
212804221206000122044582700000000000001124
062804221507000104211882670000000000000990
182804221328000124506489860000000000008506
012804221110000124273693240000000000007110
172804221201000148435252900000000000009434
212804221208000122919813680000000000000581
182804221330000132976478160000000000005409
012804221111000190017887610000000000007241
172804221201000153618242440000000000009438
212804221208000124631300770000000000008388
182804221352000181947268890000000000007238
012804221111000124317923170000000000004936
172804221202000236635632660000000000009437
212804221208000136801587250000000000008048
182804221359000162523975210000000000007229
012804221113000210263180190000000000007763
172804221202000166286388649041            
212804221210000129305640770000000000008967
182804221403000124974403030000000000008870
012804221113000203902767360000000000008950
172804221202000137966228940000000000009491
212804221210000160322036550000000000008454
182804221420000123142055980000000000007617
012804221113000134117188100000000000009301
172804221204000122398885730000000000000890
212804221211000129441567740000000000001442
182804221422000129900538930000000000008732
012804221113000126380298920000000000006181
172804221204000127820889300000000000004500
212804221211000166909422960000000000009433
182804221452000181947268890000000000007238
012804221113000124103405650000000000000364
172804221204000124879204180000000000002193
212804221212000134732848570000000000008184
182804221509000129482288930000000000007938
012804221115000166000504390000000000008949
212804221212000124977649740000000000008357
172804221205000125822806330000000000009253
182804221525000124154902550000000000008558
012804221115000165908866290000000000000000
212804221214000126545082520000000000005706
172804221205000128325208570000000000002243
182804221535000165108410620000000000009446
012804221121000125605349340000000000008505
172804221205000124887231790000000000003036
212804221218000121862917210000000000002539
182804221535000127039788140000000000009430
012804221123000162119844650000000000006072
172804221207000162943664540000000000009350
212804221219000123161240800000000000001397
182804221544000190038416780000000000007789
012804221131000166412616550000000000008989
172804221207000126791468500000000000000901
212804221219000120695246220000000000001143
012804221143000132191179360000000000009378
172804221213000206570019820000000000007039
212804221219000207388597150000000000008270
172804221233000152716681460000000000009418
212804221220000108048521000000000000003919
012804221153000123187322230000000000002173
172804221255000236806370000000000000009340
212804221223000126594768980000000000003885
012804221157000132824027740000000000007660
172804221256000153597948560000000000009435
212804221223000203975799630000000000009356
012804221158000122399299700000000000000337
172804221257000156589159739247            
212804221228000135626459360000000000008511
012804221159000209797877040000000000008538
172804221258000135698473489255            
212804221228000207397790650000000000009089
012804221159000209810497230000000000009214
172804221258000202196860899248            
212804221230000130900938540000000000004737
012804221159000124089678150000000000009274
172804221259000145599930560000000000009323
212804221233000132976478160000000000005409
012804221200000220072145110000000000009529
172804221259000204461319080000000000009440
212804221233000108822525230000000000000592
012804221200000165231775490000000000009530
172804221259000163308264050000000000009333
212804221235000180041332610000000000008856
012804221201000120589581110000000000003009
172804221259000207732252398937            
212804221237000164794357380000000000008231
012804221201000107941037470000000000000000
172804221259000157115586888920            
212804221239000122758137070000000000001019
012804221202000125397947010000000000002540
172804221259000128743669029042            
212804221239000190038416780000000000007789
012804221203000131197407710000000000007952
172804221259000145933636120000000000008977
212804221240000123755421010000000000008972
012804221204000124317923170000000000004936
172804221259000125879927479037            
212804221240000125471226600000000000007552
012804221205000125153148820000000000006913
172804221259000166128247018923            
212804221240000201164118260000000000007614
012804221206000190336113010000000000008971
172804221259000163278656249033            
212804221240000165181563500000000000008293
012804221206000126188878180000000000009215
172804221259000145017342280000000000009337
212804221240000165108410620000000000009446
012804221207000135287908990000000000006481
172804221259000236635632660000000000009437
212804221240000207770617100000000000008233
012804221207000130192938110000000000003612
172804221300000136803913818922            
212804221240000126868868560000000000008750
012804221207000166179072300000000000009526
172804221300000132329844949009            
212804221240000128139718570000000000009368
012804221209000103876795420000000000000016
172804221300000143788325220000000000009444
212804221240000135521788550000000000008507
012804221211000124273693240000000000007110
172804221300000139892080700000000000009040
212804221240000127039788140000000000009430
012804221211000126380298920000000000006181
172804221300000166286388649041            
212804221240000200645564970000000000009431
012804221212000190017887610000000000007241
172804221300000131336527019010            
212804221240000164484830560000000000009432
012804221212000128541669320000000000007929
172804221300000142136482610000000000009436
212804221240000206980808280000000000009355
012804221213000124103405650000000000000364
172804221301000213070153380000000000009443
212804221242000131780175090000000000008051
012804221213000134117188100000000000009301
172804221301000133563192399249            
212804221247000129441567740000000000001442
012804221214000210263180190000000000007763
172804221301000148435252900000000000009434
212804221248000121459714340000000000003750
012804221214000203902767360000000000008950
172804221301000153618242440000000000009438
212804221249000135593768140000000000002664
012804221215000166000504390000000000008949
172804221302000147750147610000000000009457
212804221249000132000089370000000000005823
012804221215000102923418970000000000000531
172804221303000124879204180000000000002193
212804221249000124029191500000000000002290
012804221219000125472058170000000000007608
172804221303000126791468500000000000000901
212804221255000130701959370000000000004470
012804221219000207866839310000000000008197
172804221303000124887231790000000000003036
212804221255000142729826010000000000009341
012804221220000132743709310000000000002352
172804221304000128325208570000000000002243
212804221256000130173758960000000000008132
012804221221000125605349340000000000008505
172804221304000125822806330000000000009253
212804221257000120467752380000000000001968
012804221226000125439037730000000000003797
172804221420000206570019820000000000007039
212804221258000123161240800000000000001397
012804221228000166412616550000000000008989
172804221500000147750147610000000000009457
212804221300000124449897930000000000003360
012804221230000108322665040000000000000062
172804221500000236635632660000000000009437
212804221300000146788996650000000000009225
012804221233000127259748970000000000009105
172804221500000136803913818922            
212804221300000123232419840000000000000776
172804221500000163308264050000000000009333
212804221301000122044582700000000000001124
012804221236000125386433510000000000009243
172804221500000207732252398937            
212804221302000124647401380000000000002400
012804221241000136716507790000000000009515
172804221500000204461319080000000000009440
212804221302000200443661610000000000007804
012804221251000135935087790000000000005965
172804221500000128743669029042            
212804221303000202133339740000000000008581
012804221255000136979795810000000000009511
172804221500000153618242440000000000009438
212804221304000155164315180000000000008501
012804221255000124420566250000000000008993
172804221500000148435252900000000000009434
212804221304000127820889300000000000004500
012804221300000160910644530000000000006520
172804221500000145017342280000000000009337
212804221304000122398885730000000000000890
012804221304000130192938110000000000003612
172804221500000143788325220000000000009444
212804221304000104404074160000000000003186
012804221305000166179072300000000000009526
172804221500000153597948560000000000009435
212804221307000136812038990000000000009420
012804221305000135253008580000000000005951
172804221500000145599930560000000000009323
212804221307000124631300770000000000008388
012804221305000125153148820000000000006913
172804221500000131336527019010            
212804221313000126545082520000000000005706
012804221306000127135331810000000000007910
172804221500000132329844949009            
212804221316000125870219380000000000007757
012804221306000135287908990000000000006481
172804221501000202196860899248            
212804221317000121862917210000000000002539
012804221308000207866839310000000000008197
172804221501000166128247018923            
212804221322000127640578160000000000006102
012804221308000131197407710000000000007952
172804221501000139892080700000000000009040
212804221322000125591252520000000000002425
012804221310000209788244600000000000004311
172804221501000157115586888920            
212804221324000228054462900000000000008627
012804221310000104077384680000000000000396
172804221501000125879927479037            
212804221326000201117049650000000000009371
012804221312000138511417750000000000007137
172804221501000156589159739247            
212804221327000129680147750000000000008294
012804221312000128490487730000000000007476
172804221501000166286388649041            
212804221329000127532677760000000000008179
012804221312000127907779360000000000008012
172804221501000163278656249033            
212804221329000108048521000000000000003919
012804221317000103876795420000000000000016
172804221501000145933636120000000000008977
212804221329000120695246220000000000001143
012804221318000270883758050000000000009474
172804221501000133563192399249            
212804221329000207388597150000000000008270
012804221318000125472058170000000000007608
172804221501000142136482610000000000009436
212804221330000206640644980000000000008992
012804221325000122843742730000000000007687
172804221501000213070153380000000000009443
212804221330000132381068980000000000003019
012804221329000125439037730000000000003797
172804221501000135698473489255            
212804221331000130650118580000000000009428
012804221329000127259748970000000000009105
172804221523000145058139710000000000008784
212804221333000124029191500000000000002290
012804221331000125859477790000000000008943
212804221334000164794357380000000000008231
012804221331000124592933660000000000000438
212804221334000134602158510000000000004897
212804221334000123838158120000000000005769
012804221332000121744306080000000000002744
212804221335000133649038900000000000007650
012804221332000121242171020000000000001015
212804221338000122758137070000000000001019
012804221334000125397674450000000000007166
212804221338000120944926580000000000000548
012804221334000124883151430000000000009308
212804221339000138264869340000000000009246
012804221334000164383974590000000000000000
212804221340000123525549280000000000006900
012804221337000130188398100000000000008369
212804221342000120849003620000000000005457
012804221337000124424755710000000000004219
212804221342000121661481410000000000002719
012804221338000129775501530000000000009306
212804221344000130701959370000000000004470
012804221338000209073606740000000000009309
212804221350000122534315420000000000006079
012804221338000236123649240000000000008952
212804221350000151590488240000000000009379
012804221339000127135331810000000000007910
212804221358000128441947710000000000009018
012804221341000136716507790000000000009515
212804221400000124150280120000000000003962
012804221342000120178000330000000000003587
212804221400000200443661610000000000007804
012804221347000125386433510000000000009243
212804221402000102919905490000000000000892
012804221348000270883758050000000000009474
212804221402000132368358920000000000003457
012804221354000124005837750000000000007955
212804221404000134664298960000000000006689
012804221356000130188398100000000000008369
212804221408000204866170700000000000003783
012804221357000124424755710000000000004219
212804221412000120907949940000000000000247
012804221359000128966418170000000000001975
212804221419000129680147750000000000008294
012804221400000129386648520000000000009461
212804221420000126521109360000000000007514
012804221400000124226314540000000000009448
212804221420000160921595630000000000007081
012804221400000129545788920000000000008241
212804221420000207777417380000000000007951
012804221400000132489589350000000000009531
212804221420000131905924530000000000009085
012804221402000129035957730000000000009429
212804221420000209487837230000000000007954
012804221403000209788244600000000000004311
212804221420000207397790650000000000009089
212804221420000164705143250000000000009241
012804221406000138511417750000000000007137
212804221420000135626459360000000000008511
012804221406000127907779360000000000008012
212804221420000121890026310000000000008191
012804221406000128490487730000000000007476
212804221420000131780175090000000000008051
012804221408000123725350900000000000009279
212804221420000166909422960000000000009433
012804221408000201168327080000000000008730
212804221420000134732848570000000000008184
012804221410000130436228110000000000006906
212804221420000160032785450000000000008512
012804221411000133066488160000000000009528
212804221420000124506489860000000000008506
012804221412000104077384680000000000000396
212804221420000123216468550000000000007512
012804221414000138750808140000000000004259
212804221420000201117049650000000000009371
012804221420000209810497230000000000009214
212804221420000203975799630000000000009356
012804221420000132191179360000000000009378
212804221420000204909868080000000000009370
012804221420000124273693240000000000007110
212804221420000131172178180000000000007477
012804221420000210263180190000000000007763
212804221421000129305640770000000000008967
012804221420000120293232430000000000008543
212804221421000137966228940000000000009491
012804221420000210726526510000000000009310
212804221421000133649038900000000000007650
012804221420000165231775490000000000009530
212804221421000160322036550000000000008454
012804221420000123085805280000000000008563
212804221422000228054462900000000000008627
012804221421000165908866290000000000000000
212804221431000130650118580000000000009428
012804221421000203902767360000000000008950
212804221434000122759375460000000000000475
012804221421000220072145110000000000009529
212804221435000134664298960000000000006689
012804221421000125605349340000000000008505
212804221435000126331278530000000000003350
012804221421000162385711100000000000009481
212804221447000124442613580000000000003844
012804221421000124089678150000000000009274
212804221449000151590488240000000000009379
012804221421000160654165340000000000009372
212804221450000164484830560000000000009432
012804221421000134117188100000000000009301
212804221457000128441947710000000000009018
212804221457000204346997770000000000009486
012804221421000125397674450000000000007166
212804221459000124974403030000000000008870
012804221422000121242171020000000000001015
212804221500000102919905490000000000000892
012804221424000124592933660000000000000438
212804221501000132368358920000000000003457
012804221431000131197407710000000000007952
212804221502000124150280120000000000003962
012804221432000125859477790000000000008943
212804221503000136812038990000000000009420
012804221433000121744306080000000000002744
212804221504000120907949940000000000000247
012804221435000162119844650000000000006072
212804221548000162918293130000000000006910
012804221436000164383974590000000000000000
212804221548000201301784320000000000006880
012804221438000120178000330000000000003587
212804221548000207771464060000000000008867
012804221443000129035957730000000000009429
212804221550000164484830560000000000009432
012804221446000124327477730000000000000462
212804221551000120467752380000000000001968
012804221456000124005837750000000000007955
012804221457000200469794890000000000009516
012804221457000132489589350000000000009531
012804221500000129545788920000000000008241
012804221502000129386648520000000000009461
012804221502000124226314540000000000009448
012804221505000130436228110000000000006906
012804221506000201168327080000000000008730
012804221506000123725350900000000000009279
012804221508000107943402850000000000002042
012804221522000129035957730000000000009429
012804221530000107941037470000000000000000
012804221536000125439037730000000000003797
012804221536000162119844650000000000006072
012804221548000125153148820000000000006913
012804221556000123187322230000000000002173
012804221557000200469794890000000000009516
