012804221600000133066488160000000000009528
062804221618000122753845200000000000006047
012804221600000127907779360000000000008012
172804221602000200645564970000000000009431
062804221638000124442613580000000000003844
182804221610000129482288930000000000007938
012804221601000128541669320000000000007929
212804221557000129441567740000000000001442
172804221604000152716681460000000000009418
062804221638000128511291140000000000004819
182804221624000123755421010000000000008972
012804221601000126939379320000000000009447
212804221600000120944926580000000000000548
172804221627000124879204180000000000002193
062804221642000103755294270000000000000299
182804221624000207770617100000000000008233
012804221603000236123649240000000000008952
212804221601000165181563500000000000008293
172804221631000122398885730000000000000890
062804221655000134664298960000000000006689
182804221625000125471226600000000000007552
012804221618000209797877040000000000008538
212804221602000104404074160000000000003186
172804221636000126791468500000000000000901
062804221700000124093185190000000000002910
182804221632000136801587250000000000008048
012804221618000120589581110000000000003009
212804221604000136812038990000000000009420
172804221648000220131895660000000000009189
062804221700000120573391590000000000000561
182804221632000207811936340000000000009195
012804221618000126939379320000000000009447
212804221615000165181563500000000000008293
172804221702000236806370000000000000009340
062804221703000206980808280000000000009355
182804221700000138264869340000000000009246
212804221615000104404074160000000000003186
012804221619000127259748970000000000009105
172804221702000200645564970000000000009431
062804221717000122759375460000000000000475
182804221703000135521788550000000000008507
212804221622000127532677760000000000008179
012804221629000103876795420000000000000016
172804221749000127820889300000000000004500
062804221733000207388597150000000000008270
182804221724000207770617100000000000008233
212804221628000201164118260000000000007614
012804221629000108322665040000000000000062
172804221751000125822806330000000000009253
062804221751000126594768980000000000003885
182804221724000123755421010000000000008972
212804221628000126331278530000000000003350
172804221818000128325208570000000000002243
012804221636000121250416870000000000008960
062804221837000123583778900000000000000285
182804221725000125471226600000000000007552
212804221628000121251285020000000000001784
172804221826000124887231790000000000003036
012804221648000132824027740000000000007660
062804221913000125591252520000000000002425
182804221731000181947268890000000000007238
212804221628000126545082520000000000005706
012804221648000124103405650000000000000364
062804221913000127640578160000000000006102
182804221732000136801587250000000000008048
212804221631000123161240800000000000001397
012804221648000122399299700000000000000337
062804221919000202133339740000000000008581
182804221755000138264869340000000000009246
212804221632000128441947710000000000009018
012804221648000126380298920000000000006181
062804222016000122377870010000000000000164
182804221759000162918293130000000000006910
212804221635000165108410620000000000009446
012804221648000166000504390000000000008949
182804221803000135521788550000000000008507
212804221635000127039788140000000000009430
012804221648000125472058170000000000007608
182804221837000162523975210000000000007229
212804221638000127829227790000000000008131
012804221648000125397947010000000000002540
182804221850000132970558540000000000002672
212804221638000124977649740000000000008357
012804221649000270883758050000000000009474
182804221852000162523975210000000000007229
212804221638000124101992500000000000003554
012804221649000127135331810000000000007910
182804221855000125870219380000000000007757
212804221638000129542278950000000000005296
012804221651000136843409350000000000004824
182804222019000162523975210000000000007229
212804221638000162918293130000000000006910
012804221651000190336113010000000000008971
182804222025000124154902550000000000008558
212804221639000137826774540000000000007482
012804221655000128966418170000000000001975
182804222040000124154902550000000000008558
212804221640000125978157750000000000002127
012804221657000133066488160000000000009528
182804222115000207811936340000000000009195
212804221640000190452624040000000000005974
012804221658000138511417750000000000007137
182804222130000207811936340000000000009195
212804221645000190038416780000000000007789
012804221700000123242422400000000000001406
182804222200000124154902550000000000008558
212804221648000124647401380000000000002400
012804221700000124317923170000000000004936
182804222200000138264869340000000000009246
212804221648000122044582700000000000001124
012804221701000128541669320000000000007929
182804222300000207811936340000000000009195
212804221648000124631300770000000000008388
012804221701000136540339370000000000007755
182804222301000125870219380000000000007757
212804221649000200443661610000000000007804
012804221703000236123649240000000000008952
212804221654000124029191500000000000002290
012804221703000136979795810000000000009511
212804221656000123232419840000000000000776
012804221705000104077384680000000000000396
212804221700000155164315180000000000008501
012804221705000126188878180000000000009215
212804221700000142729826010000000000009341
012804221705000124005837750000000000007955
212804221715000132368358920000000000003457
012804221715000129775501530000000000009306
212804221718000128139718570000000000009368
012804221715000124883151430000000000009308
212804221722000123525549280000000000006900
012804221730000122843742730000000000007687
212804221723000120695246220000000000001143
012804221730000209073606740000000000009309
212804221728000201164118260000000000007614
012804221731000124420566250000000000008993
212804221731000124449897930000000000003360
012804221736000130192938110000000000003612
212804221733000130701959370000000000004470
012804221747000136843409350000000000004824
212804221733000108822525230000000000000592
012804221748000135287908990000000000006481
212804221803000206980808280000000000009355
012804221753000121242171020000000000001015
212804221803000129680147750000000000008294
012804221753000207866839310000000000008197
212804221808000122534315420000000000006079
012804221753000125397674450000000000007166
212804221810000122758137070000000000001019
012804221754000166412616550000000000008989
212804221811000122854741900000000000001273
012804221800000136540339370000000000007755
212804221812000122919813680000000000000581
012804221805000126188878180000000000009215
212804221818000128139718570000000000009368
012804221806000125386433510000000000009243
212804221821000122891578150000000000000645
012804221814000129775501530000000000009306
212804221836000228054462900000000000008627
012804221815000124883151430000000000009308
212804221838000104211882670000000000000990
012804221818000209788244600000000000004311
212804221838000121862917210000000000002539
212804221839000132976478160000000000005409
012804221819000135253008580000000000005951
212804221842000120849003620000000000005457
012804221823000166179072300000000000009526
212804221848000130173758960000000000008132
012804221826000122843742730000000000007687
212804221848000121661481410000000000002719
012804221830000164383974590000000000000000
212804221848000164794357380000000000008231
012804221831000136716507790000000000009515
212804221851000102919905490000000000000892
012804221833000102923418970000000000000531
212804221854000180041332610000000000008856
012804221837000126939379320000000000009447
212804221857000151590488240000000000009379
012804221838000121744306080000000000002744
212804221900000130650118580000000000009428
012804221838000124592933660000000000000438
212804221900000124974403030000000000008870
012804221838000120178000330000000000003587
212804221900000165181563500000000000008293
012804221841000128490487730000000000007476
212804221915000104404074160000000000003186
012804221848000129545788920000000000008241
212804221917000121238988150000000000000357
012804221849000190017887610000000000007241
212804221936000108048521000000000000003919
012804221849000129386648520000000000009461
212804221948000120907949940000000000000247
012804221849000125859477790000000000008943
212804221949000204346997770000000000009486
012804221849000124226314540000000000009448
212804221953000125870219380000000000007757
012804221849000201168327080000000000008730
212804221958000124150280120000000000003962
012804221900000136843409350000000000004824
212804222017000170076509270000000000000494
012804221900000132489589350000000000009531
212804222100000125471226600000000000007552
012804221900000200469794890000000000009516
212804222100000164484830560000000000009432
012804221900000130436228110000000000006906
212804222100000206980808280000000000009355
212804222100000201164118260000000000007614
012804221903000107943402850000000000002042
212804222100000200645564970000000000009431
012804221912000130188398100000000000008369
212804222100000123755421010000000000008972
012804221913000124424755710000000000004219
212804222100000190038416780000000000007789
012804221913000138750808140000000000004259
212804222100000165108410620000000000009446
012804221948000123725350900000000000009279
212804222100000207770617100000000000008233
012804222008000136540339370000000000007755
212804222100000135521788550000000000008507
012804222017000162119844650000000000006072
212804222100000127039788140000000000009430
012804222200000129775501530000000000009306
212804222103000136812038990000000000009420
012804222200000124883151430000000000009308
212804222103000128139718570000000000009368
012804222200000128541669320000000000007929
212804222148000129482288930000000000007938
012804222200000126188878180000000000009215
212804222200000136801587250000000000008048
012804222200000236123649240000000000008952
012804222208000122843742730000000000007687
012804222208000133066488160000000000009528
012804222208000209073606740000000000009309
212904220535000120467752380000000000001968
012904220548000124273693240000000000007110
062904220550000122854741900000000000001273
012904220553000209810497230000000000009214
012904220555000165908866290000000000000000
212904220555000201301784320000000000006880
012904220555000132191179360000000000009378
212904220555000206570019820000000000007039
212904220555000209487837230000000000007954
212904220555000201117049650000000000009371
012904220555000134117188100000000000009301
012904220555000165231775490000000000009530
012904220555000162385711100000000000009481
182904220557000131718808990000000000007196
012904220555000210726526510000000000009310
212904220555000131780175090000000000008051
012904220555000220072145110000000000009529
212904220555000160032785450000000000008512
012904220555000125605349340000000000008505
212904220555000143055688330000000000008324
212904220555000164705143250000000000009241
012904220555000120293232430000000000008543
212904220555000207397790650000000000009089
012904220555000123085805280000000000008563
212904220555000160322036550000000000008454
012904220556000125153148820000000000006913
212904220555000207771464060000000000008867
012904220556000160654165340000000000009372
212904220555000126521109360000000000007514
012904220556000210725933100000000000008239
212904220556000131172178180000000000007477
012904220557000127259748970000000000009105
212904220556000134732848570000000000008184
012904220557000124089678150000000000009274
212904220556000123142055980000000000007617
212904220557000203975799630000000000009356
212904220557000135626459360000000000008511
212904220557000160921595630000000000007081
212904220557000131905924530000000000009085
212904220557000121890026310000000000008191
212904220558000137966228940000000000009491
212904220559000133649038900000000000007650
212904220559000132184328540000000000006968
012904220603000267443914510000000000009317
012904220603000123187322230000000000002173
182904220600000129900538930000000000008732
012904220604000210263180190000000000007763
212904220601000133899918580000000000008049
012904220604000131197407710000000000007952
212904220602000207777417380000000000007951
212904220602000124506489860000000000008506
062904220607000166909422960000000000009433
212904220608000129305640770000000000008967
012904220610000125439037730000000000003797
012904220612000107941037470000000000000000
012904220612000120589581110000000000003009
062904220619000207388597150000000000008270
012904220624000209797877040000000000008538
212904220626000121459714340000000000003750
212904220627000123583778900000000000000285
062904220635000121251285020000000000001784
212904220632000129441567740000000000001442
212904220633000123525549280000000000006900
012904220637000160910644530000000000006520
062904220635000126545082520000000000005706
062904220635000126331278530000000000003350
182904220635000181947268890000000000007238
012904220642000108322665040000000000000062
012904220644000130192938110000000000003612
212904220643000132381068980000000000003019
012904220648000126380298920000000000006181
062904220646000124101992500000000000003554
062904220646000128511291140000000000004819
062904220648000130701959370000000000004470
212904220645000127829227790000000000008131
062904220649000129542278950000000000005296
212904220645000124977649740000000000008357
212904220645000131671579320000000000003018
212904220645000137826774540000000000007482
212904220646000103755294270000000000000299
212904220647000204909868080000000000009370
212904220647000190452624040000000000005974
212904220648000125978157750000000000002127
012904220650000104077384680000000000000396
012904220655000270883758050000000000009474
172904220655000220131895660000000000009189
012904220655000125472058170000000000007608
212904220651000124442613580000000000003844
212904220652000122044582700000000000001124
212904220653000124647401380000000000002400
012904220655000166000504390000000000008949
012904220655000162412096480000000000007283
182904220656000207249718280000000000008525
012904220656000124005837750000000000007955
212904220655000120695246220000000000001143
182904220659000123161240800000000000001397
012904220657000124317923170000000000004936
212904220656000132368358920000000000003457
012904220657000125397947010000000000002540
212904220657000120849003620000000000005457
012904220659000132824027740000000000007660
212904220657000200443661610000000000007804
012904220659000122399299700000000000000337
212904220658000120944926580000000000000548
012904220701000129412767790000000000001443
062904220701000108822525230000000000000592
012904220704000128966418170000000000001975
062904220702000134664298960000000000006689
062904220702000127640578160000000000006102
212904220703000134602158510000000000004897
062904220705000135593768140000000000002664
212904220704000124029191500000000000002290
062904220705000206640644980000000000008992
212904220704000125591252520000000000002425
012904220706000203902767360000000000008950
062904220706000121238988150000000000000357
012904220710000124327477730000000000000462
062904220710000123526544420000000000002508
182904220709000124449897930000000000003360
062904220710000122377870010000000000000164
212904220705000123838158120000000000005769
062904220710000130900938540000000000004737
212904220707000170076509270000000000000494
212904220707000128441947710000000000009018
212904220708000145058139710000000000008784
212904220708000204866170700000000000003783
212904220708000132000089370000000000005823
212904220710000124631300770000000000008388
062904220712000124093185190000000000002910
172904220710000126791468500000000000000901
012904220719000123242422400000000000001406
012904220719000138511417750000000000007137
012904220721000103876795420000000000000016
062904220720000122759375460000000000000475
012904220722000190336113010000000000008971
062904220725000207794574330000000000008881
012904220730000130341677160000000000009027
012904220730000124424755710000000000004219
172904220731000130155508520000000000005309
212904220731000125822806330000000000009253
172904220731000127820889300000000000004500
212904220735000151590488240000000000009379
012904220735000129035957730000000000009429
012904220736000130188398100000000000008369
212904220736000133601268140000000000009396
012904220736000121242171020000000000001015
012904220739000127135331810000000000007910
012904220740000132743709310000000000002352
172904220742000138955797760000000000009242
212904220744000104211882670000000000000990
172904220742000130787149330000000000008185
212904220745000170341780600000000000003544
012904220748000121250416870000000000008960
172904220749000128325208570000000000002243
012904220751000166412616550000000000008989
062904220753000126594768980000000000003885
012904220754000135287908990000000000006481
172904220755000236044580360000000000009445
012904220754000125397674450000000000007166
212904220751000121661481410000000000002719
172904220755000142153592408939            
212904220754000123232419840000000000000776
172904220755000238543273540000000000008931
212904220755000122919813680000000000000581
172904220755000142729826010000000000009341
172904220755000131078363880000000000009222
172904220755000164436355400000000000008938
172904220755000134476837319263            
172904220755000125879743238981            
172904220755000164819373389137            
172904220755000237541416748986            
172904220755000139858296078926            
172904220755000134043854029187            
172904220755000213030446350000000000009098
172904220755000238388480359224            
172904220755000134161756969062            
172904220755000158527881409285            
172904220755000151310275639259            
172904220755000236784819459283            
172904220756000143070739209296            
172904220756000131608865729162            
172904220756000149340494599066            
172904220756000212317751169003            
172904220756000148799496350000000000009237
172904220756000238860933679233            
172904220756000236358934199270            
172904220756000135486033779256            
172904220756000238055574229260            
172904220756000236356451050000000000009328
172904220756000158541401729131            
172904220756000210235037299063            
172904220756000158407696509138            
172904220756000236099041749052            
172904220756000152789581588988            
172904220756000128742302029058            
172904220756000136983885608930            
172904220757000204379955479229            
172904220757000238921581570000000000009458
172904220757000128729347849294            
172904220757000148796448699161            
172904220757000165707092259209            
172904220757000137084560329231            
172904220757000238122280809228            
172904220757000145027422599181            
172904220757000154529344689204            
172904220757000237804919899205            
172904220757000137066867079056            
172904220757000207323360878940            
172904220757000148220111319191            
172904220757000137068986820000000000009456
172904220758000161630836370000000000009049
182904220758000127532677760000000000008179
212904220758000131607699160000000000008961
172904220758000163049488339202            
212904220800000204346997770000000000009486
172904220758000236930839129207            
172904220759000166178534249172            
172904220759000237138956319102            
172904220759000162943664540000000000009350
172904220759000124879204180000000000002193
172904220759000134475338299269            
172904220800000166526536149299            
172904220800000143070139959210            
172904220800000163123789949295            
012904220801000135935087790000000000005965
172904220803000146788996650000000000009225
212904220802000129680147750000000000008294
172904220803000143069223040000000000009512
212904220805000122758137070000000000001019
012904220806000125386433510000000000009243
062904220809000120573391590000000000000561
172904220806000134476093299290            
172904220808000207253690990000000000009286
172904220808000236866662319221            
172904220809000200779762019223            
172904220809000143070214169292            
172904220809000122398885730000000000000890
012904220814000102923418970000000000000531
172904220812000237004829379200            
212904220814000120907949940000000000000247
172904220813000207769640590000000000009348
172904220813000137063906970000000000009455
172904220813000131609619578976            
012904220818000122940768010000000000001549
012904220820000207796638820000000000005501
212904220816000180041332610000000000008856
212904220816000124150280120000000000003962
012904220830000166179072300000000000009526
012904220831000209788244600000000000004311
062904220831000122891578150000000000000645
212904220833000228054462900000000000008627
012904220836000102923418970000000000000531
012904220839000136716507790000000000009515
012904220839000164383974590000000000000000
212904220840000132976478160000000000005409
012904220841000121744306080000000000002744
012904220842000129545788920000000000008241
212904220844000126791468500000000000000901
012904220842000120178000330000000000003587
212904220844000124683417930000000000003237
212904220844000131613432110000000000009343
212904220844000237804919899205            
212904220844000237597429430000000000009519
212904220844000201523312250000000000009518
212904220844000201425849029167            
212904220844000156591779760000000000009517
212904220844000210264399910000000000009520
012904220846000201168327080000000000008730
012904220847000207866839310000000000008197
012904220850000124592933660000000000000438
172904220854000152716681460000000000009418
212904220851000130173758960000000000008132
212904220854000121862917210000000000002539
212904220855000102919905490000000000000892
012904220859000124226314540000000000009448
012904220859000129386648520000000000009461
012904220859000190017887610000000000007241
012904220900000154525485920000000000008935
012904220901000125859477790000000000008943
212904220903000164794357380000000000008231
212904220910000130650118580000000000009428
012904220953000123725350900000000000009279
062904221109000127829227790000000000008131
172904221017000161515711198974            
012904221000000210726526510000000000009310
182904221050000136540339370000000000007755
062904221115000128511291140000000000004819
172904221018000130900938540000000000004737
212904221000000190038416780000000000007789
012904221000000220072145110000000000009529
182904221055000121890026310000000000008191
062904221116000137826774540000000000007482
172904221028000130900938540000000000004737
212904221000000201164118260000000000007614
012904221002000160654165340000000000009372
182904221100000131718808990000000000007196
062904221120000103755294270000000000000299
172904221100000220131895660000000000009189
212904221000000165108410620000000000009446
012904221003000162385711100000000000009481
182904221151000131905924530000000000009085
062904221128000108822525230000000000000592
172904221106000134732848570000000000008184
212904221000000200645564970000000000009431
012904221003000132191179360000000000009378
182904221155000121890026310000000000008191
062904221214000137826774540000000000007482
172904221106000166909422960000000000009433
212904221000000206980808280000000000009355
012904221011000165908866290000000000000000
062904221214000128511291140000000000004819
182904221156000129482288930000000000007938
172904221110000137966228940000000000009491
212904221000000164484830560000000000009432
012904221020000120293232430000000000008543
062904221218000103755294270000000000000299
182904221156000131718808990000000000007196
172904221127000206570019820000000000007039
212904221000000135521788550000000000008507
012904221020000123085805280000000000008563
062904221218000122854741900000000000001273
182904221158000203975799630000000000009356
172904221141000152716681460000000000009418
212904221000000128139718570000000000009368
012904221038000107943402850000000000002042
062904221218000108822525230000000000000592
182904221200000160032785450000000000008512
172904221155000137966228940000000000009491
212904221000000125471226600000000000007552
062904221235000125591252520000000000002425
012904221040000132489589350000000000009531
182904221208000131780175090000000000008051
172904221159000131609619578976            
212904221001000121459714340000000000003750
062904221235000127640578160000000000006102
012904221046000160910644530000000000006520
182904221208000201117049650000000000009371
172904221159000207323360878940            
212904221002000123755421010000000000008972
062904221238000123525549280000000000006900
012904221048000136843409350000000000004824
182904221208000204909868080000000000009370
172904221200000142153592408939            
212904221002000123216468550000000000007512
062904221239000207794574330000000000008881
012904221054000107941037470000000000000000
182904221211000123142055980000000000007617
172904221200000142729826010000000000009341
212904221005000122753845200000000000006047
062904221245000122891578150000000000000645
012904221055000123187322230000000000002173
182904221214000129305640770000000000008967
172904221200000164436355400000000000008938
212904221015000121459714340000000000003750
062904221301000121251285020000000000001784
012904221056000132191179360000000000009378
182904221214000143055688330000000000008324
172904221200000134043854029187            
212904221028000127039788140000000000009430
062904221312000120573391590000000000000561
012904221058000160654165340000000000009372
182904221220000201301784320000000000006880
172904221200000237541416748986            
212904221037000124974403030000000000008870
062904221315000126594768980000000000003885
012904221100000210726526510000000000009310
182904221221000209487837230000000000007954
172904221200000143070139959210            
212904221050000136812038990000000000009420
062904221324000127640578160000000000006102
012904221100000220072145110000000000009529
182904221221000207777417380000000000007951
172904221200000125879743238981            
212904221100000160032785450000000000008512
062904221328000122759375460000000000000475
012904221101000160910644530000000000006520
182904221227000127532677760000000000008179
172904221200000164819373389137            
212904221101000129900538930000000000008732
062904221329000123583778900000000000000285
012904221101000209797877040000000000008538
182904221230000124506489860000000000008506
172904221200000139858296078926            
212904221105000131671579320000000000003018
062904221335000129542278950000000000005296
172904221200000236930839129207            
012904221102000124089678150000000000009274
182904221232000207771464060000000000008867
212904221108000125978157750000000000002127
062904221347000124101992500000000000003554
172904221200000163049488339202            
182904221241000120944926580000000000000548
012904221102000190336113010000000000008971
212904221110000190452624040000000000005974
062904221348000206980808280000000000009355
172904221200000137068986820000000000009456
182904221245000160921595630000000000007081
012904221103000209810497230000000000009214
212904221111000124977649740000000000008357
062904221400000121251285020000000000001784
172904221200000136983885608930            
182904221245000126521109360000000000007514
012904221103000162385711100000000000009481
212904221116000133899918580000000000008049
062904221400000122753845200000000000006047
172904221200000238543273540000000000008931
182904221245000131172178180000000000007477
012904221104000120589581110000000000003009
212904221118000164705143250000000000009241
062904221400000207388597150000000000008270
172904221200000128742302029058            
182904221251000131905924530000000000009085
012904221104000125397947010000000000002540
212904221118000207397790650000000000009089
062904221400000120695246220000000000001143
172904221200000143069223040000000000009512
182904221258000203975799630000000000009356
012904221105000124273693240000000000007110
212904221118000135626459360000000000008511
062904221403000108822525230000000000000592
172904221200000165707092259209            
182904221300000129900538930000000000008732
012904221105000165231775490000000000009530
212904221136000160322036550000000000008454
062904221406000204346997770000000000009486
172904221200000148796448699161            
182904221310000123142055980000000000007617
012904221105000132824027740000000000007660
212904221137000122854741900000000000001273
062904221436000129542278950000000000005296
172904221201000158541401729131            
182904221314000143055688330000000000008324
012904221106000122399299700000000000000337
212904221145000164484830560000000000009432
062904221438000134664298960000000000006689
172904221201000161515711198974            
182904221314000129305640770000000000008967
012904221109000134117188100000000000009301
212904221146000126521109360000000000007514
062904221438000126331278530000000000003350
172904221201000152789581588988            
182904221321000209487837230000000000007954
012904221110000134117188100000000000009301
212904221146000160921595630000000000007081
062904221438000124442613580000000000003844
172904221201000213030446350000000000009098
182904221321000207777417380000000000007951
012904221111000126380298920000000000006181
212904221146000131172178180000000000007477
062904221443000123525549280000000000006900
172904221201000238388480359224            
182904221328000207771464060000000000008867
212904221147000129441567740000000000001442
012904221112000165908866290000000000000000
062904221446000124101992500000000000003554
172904221201000200779762019223            
182904221328000124506489860000000000008506
212904221154000129900538930000000000008732
012904221115000203902767360000000000008950
062904221506000204346997770000000000009486
172904221201000236044580360000000000009445
182904221332000132976478160000000000005409
212904221200000220131895660000000000009189
012904221115000210263180190000000000007763
062904221512000127829227790000000000008131
172904221201000134161756969062            
182904221340000132970558540000000000002672
012904221116000124317923170000000000004936
212904221200000120467752380000000000001968
172904221201000149340494599066            
182904221341000138264869340000000000009246
012904221117000123085805280000000000008563
212904221200000131607699160000000000008961
172904221201000236784819459283            
182904221342000165108410620000000000009446
012904221117000120293232430000000000008543
212904221200000123232419840000000000000776
172904221201000166526536149299            
182904221342000127039788140000000000009430
012904221118000166000504390000000000008949
212904221201000131671579320000000000003018
172904221201000158527881409285            
182904221349000207770617100000000000008233
212904221201000133601268140000000000009396
012904221121000125605349340000000000008505
172904221201000151310275639259            
182904221349000123755421010000000000008972
212904221202000166909422960000000000009433
012904221124000102923418970000000000000531
172904221201000134475338299269            
182904221349000135521788550000000000008507
212904221204000125978157750000000000002127
012904221126000267443914510000000000009317
172904221201000134476093299290            
182904221349000125471226600000000000007552
212904221205000190452624040000000000005974
012904221126000210725933100000000000008239
172904221201000131608865729162            
182904221351000181947268890000000000007238
212904221206000134732848570000000000008184
012904221137000166412616550000000000008989
172904221201000143070739209296            
182904221403000124974403030000000000008870
212904221206000127829227790000000000008131
012904221147000107941037470000000000000000
172904221201000163123789949295            
182904221420000123142055980000000000007617
212904221206000130173758960000000000008132
012904221152000123187322230000000000002173
172904221202000143070214169292            
182904221449000123755421010000000000008972
212904221206000123161240800000000000001397
012904221156000209797877040000000000008538
172904221202000207253690990000000000009286
182904221449000135521788550000000000008507
212904221207000124647401380000000000002400
012904221159000132824027740000000000007660
172904221202000210235037299063            
182904221449000207770617100000000000008233
212904221208000124631300770000000000008388
012904221159000125397947010000000000002540
172904221202000154529344689204            
182904221455000181947268890000000000007238
212904221208000122044582700000000000001124
012904221159000103876795420000000000000016
172904221202000137063906970000000000009455
182904221509000129482288930000000000007938
212904221210000124977649740000000000008357
012904221200000126939379320000000000009447
172904221202000237004829379200            
182904221525000124154902550000000000008558
212904221211000136801587250000000000008048
012904221200000162412096480000000000007283
172904221202000207769640590000000000009348
182904221529000123216468550000000000007512
212904221212000132184328540000000000006968
012904221200000120589581110000000000003009
172904221202000137066867079056            
212904221213000207770617100000000000008233
012904221201000124089678150000000000009274
172904221202000158407696509138            
212904221214000129441567740000000000001442
012904221201000209810497230000000000009214
172904221202000236099041749052            
212904221215000130650118580000000000009428
012904221202000122399299700000000000000337
172904221202000236358934199270            
212904221215000133899918580000000000008049
012904221205000124273693240000000000007110
172904221202000238055574229260            
212904221215000121862917210000000000002539
172904221202000135486033779256            
012904221205000165231775490000000000009530
212904221218000135626459360000000000008511
172904221202000212317751169003            
012904221205000190336113010000000000008971
212904221218000164705143250000000000009241
172904221202000237138956319102            
012904221206000166179072300000000000009526
212904221218000207397790650000000000009089
172904221202000161630836370000000000009049
012904221207000209788244600000000000004311
212904221222000126594768980000000000003885
172904221202000238921581570000000000009458
012904221207000130192938110000000000003612
212904221229000133649038900000000000007650
172904221202000128729347849294            
012904221208000126188878180000000000009215
212904221230000130900938540000000000004737
172904221202000236356451050000000000009328
012904221208000124317923170000000000004936
212904221231000122919813680000000000000581
172904221203000134476837319263            
012904221210000126380298920000000000006181
212904221232000126545082520000000000005706
172904221203000228244333360000000000009408
012904221211000124424755710000000000004219
212904221233000132976478160000000000005409
172904221203000137084560329231            
012904221212000128541669320000000000007929
212904221236000160322036550000000000008454
172904221203000238122280809228            
012904221214000203902767360000000000008950
212904221236000122758137070000000000001019
172904221203000204379955479229            
012904221214000131197407710000000000007952
212904221240000165181563500000000000008293
172904221203000145027422599181            
012904221215000210263180190000000000007763
212904221242000122753845200000000000006047
172904221203000130787149330000000000008185
012904221215000134117188100000000000009301
212904221242000120695246220000000000001143
172904221204000148799496350000000000009237
012904221215000108322665040000000000000062
212904221242000207388597150000000000008270
172904221204000131078363880000000000009222
012904221218000166000504390000000000008949
212904221243000128139718570000000000009368
172904221204000238860933679233            
012904221221000125605349340000000000008505
212904221243000136812038990000000000009420
172904221204000127820889300000000000004500
012904221223000121242171020000000000001015
212904221245000164484830560000000000009432
172904221204000124683417930000000000003237
012904221225000125472058170000000000007608
212904221246000151590488240000000000009379
172904221205000138955797760000000000009242
012904221226000267443914510000000000009317
212904221249000180041332610000000000008856
172904221206000148220111319191            
212904221250000125471226600000000000007552
012904221226000210725933100000000000008239
172904221206000201425849029167            
212904221250000121459714340000000000003750
012904221227000132743709310000000000002352
172904221206000236866662319221            
212904221253000135593768140000000000002664
012904221227000130341677160000000000009027
172904221206000237804919899205            
212904221253000123161240800000000000001397
012904221231000125439037730000000000003797
172904221206000166178534249172            
212904221256000130173758960000000000008132
012904221235000121250416870000000000008960
172904221206000162943664540000000000009350
212904221257000120467752380000000000001968
012904221235000166412616550000000000008989
172904221206000146788996650000000000009225
212904221258000132000089370000000000005823
012904221240000125386433510000000000009243
172904221206000124879204180000000000002193
212904221258000202133339740000000000008581
012904221243000136716507790000000000009515
172904221206000125822806330000000000009253
212904221258000104404074160000000000003186
012904221247000138511417750000000000007137
172904221207000122398885730000000000000890
212904221301000123232419840000000000000776
012904221247000207866839310000000000008197
172904221207000130155508520000000000005309
212904221301000124449897930000000000003360
012904221248000135935087790000000000005965
172904221208000128325208570000000000002243
212904221303000131780175090000000000008051
172904221210000126791468500000000000000901
012904221249000127259748970000000000009105
212904221304000124647401380000000000002400
172904221225000206570019820000000000007039
012904221256000130188398100000000000008369
212904221304000124631300770000000000008388
172904221239000152716681460000000000009418
012904221300000160910644530000000000006520
212904221304000125591252520000000000002425
172904221255000236806370000000000000009340
012904221300000162412096480000000000007283
212904221304000122044582700000000000001124
172904221255000164819373389137            
012904221301000136979795810000000000009511
212904221305000128325208570000000000002243
172904221255000125879743238981            
012904221302000154525485920000000000008935
212904221307000201117049650000000000009371
172904221255000237541416748986            
012904221302000125153148820000000000006913
212904221308000204909868080000000000009370
172904221255000137068986820000000000009456
012904221303000166179072300000000000009526
212904221310000132184328540000000000006968
172904221255000139858296078926            
012904221307000209788244600000000000004311
212904221313000121862917210000000000002539
172904221255000210235037299063            
012904221307000130192938110000000000003612
212904221315000130650118580000000000009428
172904221255000134476837319263            
012904221312000104077384680000000000000396
212904221316000132368358920000000000003457
012904221313000122843742730000000000007687
172904221255000143070139959210            
212904221316000125870219380000000000007757
012904221314000135287908990000000000006481
172904221255000236930839129207            
212904221320000201301784320000000000006880
012904221316000131197407710000000000007952
172904221255000207253690990000000000009286
212904221325000132381068980000000000003019
012904221317000124424755710000000000004219
172904221256000237004829379200            
212904221325000206640644980000000000008992
012904221321000132743709310000000000002352
172904221257000238921581570000000000009458
212904221327000228054462900000000000008627
172904221257000200779762019223            
012904221323000121242171020000000000001015
212904221327000127532677760000000000008179
172904221258000148796448699161            
212904221328000123525549280000000000006900
012904221323000103876795420000000000000016
172904221258000163123789949295            
212904221328000133649038900000000000007650
012904221323000108322665040000000000000062
172904221258000143070214169292            
212904221330000164794357380000000000008231
012904221324000125472058170000000000007608
172904221258000137063906970000000000009455
212904221332000126545082520000000000005706
012904221324000125397674450000000000007166
172904221258000152789581588988            
212904221333000122758137070000000000001019
012904221325000127135331810000000000007910
212904221334000200443661610000000000007804
172904221258000212317751169003            
012904221327000125439037730000000000003797
212904221336000190038416780000000000007789
172904221258000204379955479229            
012904221327000128966418170000000000001975
212904221336000120944926580000000000000548
172904221258000145027422599181            
012904221330000164383974590000000000000000
212904221339000124442613580000000000003844
172904221258000128742302029058            
012904221330000124592933660000000000000438
212904221339000134602158510000000000004897
172904221258000136983885608930            
012904221330000125859477790000000000008943
212904221339000122919813680000000000000581
172904221258000137084560329231            
012904221330000270883758050000000000009474
212904221340000125391418560000000000009245
172904221259000238122280809228            
012904221332000165231775490000000000009530
212904221340000123838158120000000000005769
172904221259000237804919899205            
012904221336000121744306080000000000002744
212904221342000124029191500000000000002290
172904221259000165707092259209            
012904221337000209073606740000000000009309
212904221342000151590488240000000000009379
172904221259000207323360878940            
012904221337000129775501530000000000009306
212904221343000128139718570000000000009368
172904221259000131609619578976            
012904221338000236123649240000000000008952
212904221343000136812038990000000000009420
172904221259000164436355400000000000008938
012904221338000133066488160000000000009528
212904221350000201164118260000000000007614
172904221259000238543273540000000000008931
012904221339000129545788920000000000008241
212904221350000122891578150000000000000645
172904221259000134475338299269            
012904221340000124005837750000000000007955
212904221350000122891578150000000000000645
172904221259000236784819459283            
012904221341000120178000330000000000003587
212904221352000124150280120000000000003962
172904221259000158527881409285            
012904221342000125386433510000000000009243
212904221355000122534315420000000000006079
172904221259000151310275639259            
012904221344000122940768010000000000001549
212904221400000130701959370000000000004470
172904221300000143070739209296            
012904221344000136716507790000000000009515
212904221400000102919905490000000000000892
172904221300000134476093299290            
012904221347000127259748970000000000009105
212904221400000126331278530000000000003350
172904221300000166526536149299            
012904221350000138511417750000000000007137
212904221400000134664298960000000000006689
172904221300000158541401729131            
212904221400000104211882670000000000000990
012904221350000130188398100000000000008369
172904221300000236356451050000000000009328
212904221402000120907949940000000000000247
012904221350000207866839310000000000008197
172904221300000131608865729162            
212904221403000124449897930000000000003360
012904221351000129412767790000000000001443
172904221300000128729347849294            
212904221403000121661481410000000000002719
012904221354000270883758050000000000009474
172904221300000143069223040000000000009512
172904221300000130787149330000000000008185
012904221356000104077384680000000000000396
212904221403000120849003620000000000005457
172904221300000154529344689204            
012904221357000124226314540000000000009448
212904221405000128441947710000000000009018
172904221300000236044580360000000000009445
012904221357000129386648520000000000009461
212904221408000204866170700000000000003783
172904221300000237138956319102            
012904221402000125153148820000000000006913
212904221411000132368358920000000000003457
172904221300000166178534249172            
012904221406000135253008580000000000005951
212904221412000132184328540000000000006968
172904221300000236358934199270            
012904221407000127135331810000000000007910
212904221412000180041332610000000000008856
172904221301000135486033779256            
012904221408000201168327080000000000008730
212904221416000130650118580000000000009428
172904221301000238055574229260            
012904221408000123725350900000000000009279
212904221420000207397790650000000000009089
172904221301000134161756969062            
012904221409000190017887610000000000007241
212904221420000164705143250000000000009241
172904221301000213030446350000000000009098
012904221410000124420566250000000000008993
212904221420000135626459360000000000008511
172904221301000238388480359224            
012904221410000124327477730000000000000462
212904221420000160032785450000000000008512
172904221301000134043854029187            
012904221410000123242422400000000000001406
172904221301000236866662319221            
212904221420000166909422960000000000009433
012904221410000122940768010000000000001549
172904221301000131078363880000000000009222
212904221420000134732848570000000000008184
012904221410000124883151430000000000009308
212904221420000203975799630000000000009356
172904221301000238860933679233            
012904221412000135287908990000000000006481
172904221301000148799496350000000000009237
212904221420000204909868080000000000009370
012904221414000108322665040000000000000062
172904221301000124683417930000000000003237
212904221420000131172178180000000000007477
012904221414000125397674450000000000007166
212904221420000131905924530000000000009085
172904221302000158407696509138            
012904221420000209810497230000000000009214
212904221420000160921595630000000000007081
172904221302000236099041749052            
012904221420000210726526510000000000009310
212904221420000121890026310000000000008191
172904221302000161630836370000000000009049
012904221420000124273693240000000000007110
172904221302000137066867079056            
212904221420000126521109360000000000007514
012904221420000132191179360000000000009378
212904221420000124506489860000000000008506
172904221304000138955797760000000000009242
012904221420000123085805280000000000008563
172904221304000127820889300000000000004500
212904221420000207777417380000000000007951
012904221420000210263180190000000000007763
172904221305000122398885730000000000000890
212904221420000137966228940000000000009491
012904221420000220072145110000000000009529
172904221305000125822806330000000000009253
212904221421000201117049650000000000009371
012904221420000267443914510000000000009317
172904221306000124879204180000000000002193
212904221421000209487837230000000000007954
012904221420000162385711100000000000009481
172904221306000130155508520000000000005309
212904221421000129305640770000000000008967
012904221420000203902767360000000000008950
172904221307000161515711198974            
212904221421000143055688330000000000008324
012904221420000165908866290000000000000000
172904221307000207769640590000000000009348
212904221421000160322036550000000000008454
172904221308000148220111319191            
012904221420000120293232430000000000008543
212904221421000206570019820000000000007039
172904221308000201425849029167            
012904221420000210725933100000000000008239
212904221421000133649038900000000000007650
172904221311000126791468500000000000000901
012904221420000125605349340000000000008505
212904221421000124150280120000000000003962
172904221404000128729347849294            
012904221420000134117188100000000000009301
212904221423000164794357380000000000008231
172904221458000145058139710000000000008784
012904221421000160654165340000000000009372
212904221426000228054462900000000000008627
172904221500000131608865729162            
012904221421000124005837750000000000007955
212904221426000122759375460000000000000475
172904221500000200779762019223            
012904221421000124089678150000000000009274
212904221427000129680147750000000000008294
172904221500000148796448699161            
012904221429000164383974590000000000000000
212904221433000200443661610000000000007804
172904221500000134043854029187            
012904221430000125859477790000000000008943
212904221435000190038416780000000000007789
172904221500000143070139959210            
212904221442000165108410620000000000009446
012904221432000124592933660000000000000438
172904221500000148799496350000000000009237
212904221442000127039788140000000000009430
012904221433000121744306080000000000002744
172904221500000238860933679233            
212904221448000206980808280000000000009355
012904221436000120178000330000000000003587
172904221500000131078363880000000000009222
212904221450000201164118260000000000007614
012904221436000129545788920000000000008241
172904221500000158541401729131            
212904221458000104211882670000000000000990
012904221456000127259748970000000000009105
172904221500000236930839129207            
212904221459000102919905490000000000000892
012904221457000124226314540000000000009448
172904221500000164436355400000000000008938
212904221501000120849003620000000000005457
012904221457000129386648520000000000009461
172904221500000139858296078926            
212904221501000121661481410000000000002719
012904221457000126939379320000000000009447
172904221500000165707092259209            
212904221501000124974403030000000000008870
012904221503000132489589350000000000009531
172904221500000125879743238981            
212904221504000120907949940000000000000247
012904221507000201168327080000000000008730
172904221500000164819373389137            
212904221505000204866170700000000000003783
012904221507000123725350900000000000009279
172904221500000237541416748986            
212904221506000128441947710000000000009018
012904221509000190017887610000000000007241
172904221500000154529344689204            
212904221528000129680147750000000000008294
012904221509000126939379320000000000009447
172904221500000137068986820000000000009456
212904221530000138955797760000000000009242
012904221528000131197407710000000000007952
172904221500000237004829379200            
212904221530000130787149330000000000008185
012904221530000107941037470000000000000000
172904221500000213030446350000000000009098
212904221540000122854741900000000000001273
012904221538000209797877040000000000008538
172904221501000238388480359224            
212904221548000131718808990000000000007196
012904221540000125439037730000000000003797
172904221501000236866662319221            
212904221548000201301784320000000000006880
012904221548000125153148820000000000006913
172904221501000238921581570000000000009458
212904221548000207771464060000000000008867
012904221555000123187322230000000000002173
172904221501000237138956319102            
212904221549000133899918580000000000008049
172904221501000137063906970000000000009455
212904221549000120467752380000000000001968
172904221501000166178534249172            
212904221551000124029191500000000000002290
172904221501000158407696509138            
172904221501000236099041749052            
172904221501000161630836370000000000009049
172904221501000137066867079056            
172904221501000143069223040000000000009512
172904221501000152789581588988            
172904221501000212317751169003            
172904221501000128742302029058            
172904221501000151310275639259            
172904221501000158527881409285            
172904221501000143070739209296            
172904221501000236784819459283            
172904221501000134475338299269            
172904221502000236356451050000000000009328
172904221502000134476093299290            
172904221502000237804919899205            
172904221502000134476837319263            
172904221502000161515711198974            
172904221502000207769640590000000000009348
172904221502000238122280809228            
172904221502000137084560329231            
172904221502000207253690990000000000009286
172904221502000204379955479229            
172904221502000145027422599181            
172904221502000135486033779256            
172904221503000238055574229260            
172904221503000236358934199270            
172904221503000131609619578976            
172904221503000207323360878940            
172904221503000236044580360000000000009445
172904221503000136983885608930            
172904221503000238543273540000000000008931
172904221503000163123789949295            
172904221503000166526536149299            
172904221503000143070214169292            
172904221503000210235037299063            
172904221503000134161756969062            
172904221508000148220111319191            
172904221556000145058139710000000000008784
